15 200
0 250 250 0 0 1925 0 -1 -1
0 144 220 35 0 420 10 0 0
1 222 331 10 250 860 10 0 0
2 26 221 28 706 1316 10 0 0
3 102 6 -73 1168 1778 10 1 0
4 177 156 25 0 487 10 0 1
5 374 116 9 297 907 10 0 1
6 385 17 40 519 1129 10 0 1
7 404 140 -74 969 1579 10 1 1
8 210 219 7 0 360 10 0 2
9 125 65 17 498 1108 10 0 2
10 1 101 -24 967 1577 10 1 2
11 181 441 25 252 862 10 0 3
12 217 333 26 121 731 10 0 3
13 162 301 -51 1323 1925 10 1 3
14 137 377 23 0 479 10 0 4
15 382 110 -23 822 1432 10 1 4
16 77 372 19 0 521 10 0 5
17 488 96 22 776 1386 0 0 5
18 7 194 29 0 1925 10 0 5
19 439 156 -70 0 1925 10 1 5
20 65 343 38 0 527 10 0 6
21 48 412 -38 742 1352 10 1 6
22 9 233 31 16 626 0 0 7
23 27 444 22 790 1400 10 0 7
24 153 235 10 0 408 10 0 7
25 68 303 -63 0 1925 10 1 7
26 292 104 26 14 624 10 0 8
27 351 5 12 206 816 10 0 8
28 472 57 17 1005 1615 10 0 8
29 470 138 -55 1099 1709 10 1 8
30 394 47 5 23 633 10 0 9
31 293 174 31 0 397 10 0 9
32 421 386 -36 534 1144 10 1 9
33 224 56 13 896 1506 10 0 10
34 447 272 12 94 704 10 0 10
35 171 303 18 0 1925 10 0 10
36 181 185 -43 1324 1925 10 1 10
