30 200
0 250 250 0 0 1925 0 -1 -1
1 489 457 13 0 1899 10 0 0
2 210 219 7 0 360 10 0 0
3 351 148 30 171 781 10 0 0
4 125 61 -50 0 1925 10 1 0
5 479 387 13 107 717 10 0 1
6 247 306 33 0 366 10 0 1
7 40 278 10 814 1424 10 0 1
8 228 260 -56 1316 1925 10 1 1
9 417 212 12 620 1230 10 0 2
10 345 431 12 55 665 10 0 2
11 318 99 -24 923 1533 10 1 2
12 222 331 10 250 860 10 0 3
13 223 178 -10 846 1456 10 1 3
14 366 334 5 120 730 10 0 4
15 482 184 14 0 1925 10 0 4
16 153 235 10 0 408 10 0 4
17 437 19 -29 724 1334 10 1 4
18 176 199 28 0 399 10 0 5
19 179 75 13 450 1060 10 0 5
20 84 255 13 0 602 10 0 5
21 212 47 -54 511 1121 10 1 5
22 253 50 27 0 546 10 0 6
23 293 174 31 0 397 10 0 6
24 282 1 18 0 1925 10 0 6
25 231 29 -76 936 1546 10 1 6
26 198 85 28 0 583 10 0 7
27 69 414 6 973 1583 10 0 7
28 191 215 17 0 378 10 0 7
29 272 234 -51 1300 1910 10 1 7
30 245 42 24 257 867 10 0 8
31 267 174 34 1328 1925 10 0 8
32 120 17 30 0 599 10 0 8
33 225 269 -88 0 1925 10 1 8
34 283 438 3 0 551 10 0 9
35 94 192 1 790 1400 10 0 9
36 405 349 15 232 842 10 0 9
37 185 434 -19 0 1925 10 1 9
38 332 459 35 79 689 10 0 10
39 206 174 -35 0 1925 10 1 10
40 460 117 14 230 840 10 0 11
41 175 239 23 0 385 10 0 11
42 94 40 24 778 1388 10 0 11
43 415 118 -61 0 1925 10 1 11
44 153 235 10 0 408 10 0 12
45 181 441 25 252 862 10 0 12
46 53 204 8 765 1375 10 0 12
47 1 101 -43 967 1577 10 1 12
48 9 233 31 16 626 0 0 13
49 320 211 16 703 1313 0 0 13
50 197 202 29 914 1524 10 0 13
51 210 81 -76 0 1925 10 1 13
52 48 412 7 742 1352 10 0 14
53 235 13 27 69 679 10 0 14
54 157 269 -34 1286 1896 10 1 14
55 306 235 25 0 367 10 0 15
56 441 7 20 102 712 10 0 15
57 480 131 -45 398 1008 10 1 15
58 354 156 20 542 1152 10 0 16
59 325 210 -20 643 1253 10 1 16
60 415 253 21 77 687 10 0 17
61 28 467 -21 1053 1663 10 1 17
62 400 71 17 1082 1692 10 0 18
63 13 314 14 0 564 10 0 18
64 226 175 -31 1404 1925 10 1 18
65 297 304 4 0 1925 10 0 19
66 137 377 23 0 479 10 0 19
67 80 117 24 534 1144 10 0 19
68 286 244 -51 994 1604 10 1 19
69 492 326 19 914 1524 10 0 20
70 421 499 23 0 1913 10 0 20
71 303 78 12 0 489 10 0 20
72 257 391 -54 1343 1925 10 1 20
73 392 1 11 315 925 10 0 21
74 51 360 -11 855 1465 10 1 21
75 164 332 19 990 1600 0 0 22
76 142 80 -19 0 1925 10 1 22
77 225 369 38 0 431 10 0 23
78 162 301 -38 1323 1925 10 1 23
79 385 17 40 519 1129 10 0 24
80 248 386 22 88 698 10 0 24
81 488 173 -62 920 1530 10 1 24
82 292 104 26 14 624 10 0 25
83 224 56 13 896 1506 10 0 25
84 142 14 18 545 1155 0 0 25
85 396 83 -57 1296 1906 10 1 25
86 226 423 15 0 517 10 0 26
87 125 65 17 498 1108 10 0 26
88 197 202 29 914 1524 0 0 26
89 396 83 -61 1296 1906 10 1 26
90 266 221 9 0 1925 10 0 27
91 144 35 26 0 549 10 0 27
92 30 97 -35 920 1530 10 1 27
93 141 426 23 241 851 10 0 28
94 382 360 26 0 498 10 0 28
95 230 487 20 840 1450 0 0 28
96 434 359 -69 1102 1712 10 1 28
97 102 422 23 0 546 10 0 29
98 92 76 4 849 1459 10 0 29
99 39 153 26 508 1118 10 0 29
100 337 232 -53 1281 1891 10 1 29
101 62 375 16 59 669 10 0 30
102 82 183 -16 812 1422 10 1 30
103 103 464 22 983 1593 10 0 31
104 133 273 20 0 429 10 0 31
105 89 65 16 430 1040 10 0 31
106 112 433 -58 0 1925 10 1 31
107 488 3 3 111 721 10 0 32
108 188 119 44 685 1295 10 0 32
109 92 76 -47 849 1459 10 1 32
110 90 477 18 0 587 10 0 33
111 437 98 -18 824 1434 10 1 33
112 447 272 12 94 704 10 0 34
113 175 239 23 0 385 10 0 34
114 438 127 -35 651 1261 10 1 34
115 52 303 25 0 1925 10 0 35
116 368 452 16 380 990 10 0 35
117 172 24 -41 1162 1772 10 1 35
118 71 12 2 3 613 10 0 36
119 104 28 8 0 1925 10 0 36
120 132 32 18 494 1104 10 0 36
121 188 151 -28 1007 1617 10 1 36
122 206 172 29 498 1108 10 0 37
123 87 3 -29 0 1920 10 1 37
124 200 78 31 703 1313 10 0 38
125 323 29 -31 847 1457 10 1 38
126 384 149 18 907 1517 0 0 39
127 351 5 12 206 816 10 0 39
128 485 428 -30 1200 1810 10 1 39
129 441 7 20 102 712 10 0 40
130 48 412 -20 742 1352 10 1 40
131 289 220 19 0 359 10 0 41
132 199 203 20 1167 1777 10 0 41
133 240 255 -39 1321 1925 10 1 41
134 34 169 11 194 804 10 0 42
135 371 423 -11 0 1925 10 1 42
136 244 277 18 1011 1621 0 0 43
137 248 214 -18 1189 1799 10 1 43
138 100 266 5 180 790 0 0 44
139 59 388 20 373 983 10 0 44
140 456 113 -25 937 1547 10 1 44
141 215 293 13 0 365 10 0 45
142 88 484 5 0 1925 10 0 45
143 348 348 -18 645 1255 10 1 45
144 366 334 5 120 730 10 0 46
145 250 328 24 0 569 10 0 46
146 65 62 15 0 1925 10 0 46
147 404 140 -44 969 1579 10 1 46
148 246 407 12 0 1925 10 0 47
149 250 328 24 0 569 10 0 47
150 436 295 -36 0 1925 10 1 47
151 0 422 8 531 1141 0 0 48
152 306 229 -8 1030 1640 10 1 48
153 372 115 13 74 684 10 0 49
154 293 174 31 0 397 10 0 49
155 382 110 -44 822 1432 10 1 49
156 178 72 23 467 1077 10 0 50
157 295 247 -23 1013 1623 10 1 50
158 152 476 45 233 843 10 0 51
159 94 192 -45 790 1400 10 1 51
160 332 459 35 79 689 10 0 52
161 458 213 -35 838 1448 10 1 52
162 53 466 9 45 655 10 0 53
163 65 343 38 0 527 10 0 53
164 386 225 -47 629 1239 10 1 53
165 441 374 10 0 543 10 0 54
166 174 67 -10 0 1925 10 1 54
167 24 71 11 56 666 10 0 55
168 235 288 18 0 350 10 0 55
169 352 241 -29 502 1112 10 1 55
170 125 65 17 498 1108 10 0 56
171 429 476 -17 0 1925 10 1 56
172 169 305 21 0 482 10 0 57
173 246 407 12 22 632 10 0 57
174 140 108 -33 781 1391 10 1 57
175 441 374 10 0 543 10 0 58
176 385 239 21 496 1106 10 0 58
177 114 460 14 0 1925 10 0 58
178 91 326 -45 0 1925 10 1 58
179 210 219 7 0 360 10 0 59
180 360 284 -7 0 1925 10 1 59
181 244 368 25 124 734 10 0 60
182 46 248 9 524 1134 10 0 60
183 33 278 -34 0 1925 10 1 60
184 449 190 2 850 1460 10 0 61
185 451 62 5 0 1925 10 0 61
186 92 18 8 0 1925 10 0 61
187 365 74 -15 0 1925 10 1 61
188 172 314 9 255 865 10 0 62
189 168 109 10 0 524 10 0 62
190 46 248 -19 524 1134 10 1 62
191 340 291 22 180 790 10 0 63
192 313 391 -22 0 1925 10 1 63
193 202 391 30 0 1925 10 0 64
194 379 486 22 382 992 10 0 64
195 318 99 -52 923 1533 10 1 64
196 394 47 5 23 633 10 0 65
197 368 311 14 636 1246 10 0 65
198 330 308 24 880 1490 0 0 65
199 43 360 -43 0 1925 10 1 65
200 159 226 16 0 404 10 0 66
201 365 119 30 92 702 10 0 66
202 16 287 -46 0 1925 10 1 66
