30 200
0 250 250 0 0 1925 0 -1 -1
1 35 263 27 0 600 10 0 0
2 71 282 29 342 972 10 0 0
3 472 57 -56 995 1625 10 1 0
4 232 341 10 240 870 10 0 1
5 253 418 -10 1134 1764 10 1 1
6 143 158 12 0 471 10 0 2
7 341 59 -12 490 1120 10 1 2
8 29 358 23 311 941 10 0 3
9 268 288 26 967 1597 0 0 3
10 65 343 38 0 537 10 0 3
11 336 493 -87 1193 1823 10 1 3
12 186 209 28 0 419 10 0 4
13 414 69 -28 613 1243 10 1 4
14 72 385 16 49 679 10 0 5
15 335 220 15 633 1263 10 0 5
16 410 81 17 1072 1702 10 0 5
17 127 120 -48 0 1925 10 1 5
18 323 29 7 837 1467 10 0 6
19 366 260 -7 1220 1850 10 1 6
20 185 249 23 0 405 10 0 7
21 470 127 14 220 850 10 0 7
22 102 86 4 839 1469 10 0 7
23 187 496 -41 0 1925 10 1 7
24 382 360 26 0 508 10 0 8
25 485 428 -26 1190 1820 10 1 8
26 195 444 9 0 1925 10 0 9
27 191 451 -9 242 872 10 1 9
28 435 180 37 0 555 10 0 10
29 306 235 25 0 387 10 0 10
30 415 207 -62 600 1230 10 1 10
31 25 21 15 652 1282 10 0 11
32 147 387 23 0 499 10 0 11
33 258 224 -38 1179 1809 10 1 11
34 163 245 10 0 428 10 0 12
35 208 95 -10 0 593 10 1 12
36 112 432 23 0 556 10 0 13
37 473 263 -23 747 1377 10 1 13
38 355 174 33 415 1045 10 0 14
39 228 260 12 1306 1925 0 0 14
40 441 7 20 92 722 10 0 14
41 274 261 -65 1407 1925 10 1 14
42 15 455 30 13 643 10 0 15
43 458 407 33 566 1196 0 0 15
44 75 353 38 0 537 10 0 15
45 221 456 -101 823 1453 10 1 15
46 94 265 13 0 612 10 0 16
47 423 503 26 918 1548 10 0 16
48 245 298 18 0 370 10 0 16
49 267 401 -57 1333 1925 10 1 16
50 303 78 12 0 509 10 0 17
51 172 66 -12 1003 1633 10 1 17
52 231 29 14 926 1556 10 0 18
53 235 33 -14 1037 1667 10 1 18
54 235 13 27 59 689 10 0 19
55 178 135 -27 1214 1844 10 1 19
56 9 233 31 6 636 10 0 20
57 130 247 17 0 450 10 0 20
58 64 5 -48 829 1459 10 1 20
59 191 215 17 0 398 10 0 21
60 309 29 11 994 1624 0 0 21
61 400 71 -28 1072 1702 10 1 21
62 394 47 5 13 643 10 0 22
63 442 153 -5 889 1519 10 1 22
64 247 306 33 0 386 10 0 23
65 332 382 -33 710 1340 10 1 23
66 135 75 17 488 1118 10 0 24
67 178 119 10 0 534 10 0 24
68 392 120 -27 812 1442 10 1 24
69 215 293 13 0 385 10 0 25
70 352 481 15 985 1615 10 0 25
71 171 303 -28 1289 1919 10 1 25
72 248 386 22 78 708 10 0 26
73 360 294 -22 1118 1748 10 1 26
74 43 278 18 396 1026 10 0 27
75 105 392 19 0 1925 10 0 27
76 383 428 -37 959 1589 10 1 27
77 391 338 12 0 1925 10 0 28
78 313 88 12 0 509 10 0 28
79 343 303 -24 317 947 10 1 28
80 38 190 23 0 615 10 0 29
81 235 288 18 0 370 10 0 29
82 475 267 7 480 1110 10 0 29
83 285 247 -48 975 1605 10 1 29
84 385 17 40 509 1139 10 0 30
85 34 239 16 0 549 10 0 30
86 87 51 35 214 844 10 0 30
87 441 177 -91 701 1331 10 1 30
88 392 19 30 0 604 10 0 31
89 395 249 21 486 1116 10 0 31
90 113 474 -51 973 1603 10 1 31
91 130 27 30 0 609 10 0 32
92 69 398 -30 363 993 10 1 32
93 234 66 13 886 1516 10 0 33
94 446 133 40 0 1925 10 0 33
95 172 316 22 0 449 10 0 33
96 167 279 -75 1276 1906 10 1 33
97 299 230 19 0 379 10 0 34
98 316 239 -19 1020 1650 10 1 34
99 138 123 22 63 693 10 0 35
100 160 78 23 0 1925 10 0 35
101 332 300 23 0 1925 10 0 35
102 92 193 -68 802 1432 10 1 35
103 236 433 15 0 527 10 0 36
104 421 389 25 0 1925 10 0 36
105 376 270 -40 1220 1850 10 1 36
106 154 45 26 0 569 10 0 37
107 335 321 22 1022 1652 0 0 37
108 386 123 -48 0 1925 10 1 37
109 34 329 2 743 1373 10 0 38
110 71 12 2 0 627 10 0 38
111 158 179 37 0 446 10 0 38
112 268 351 -41 1375 1925 10 1 38
113 445 190 37 0 555 10 0 39
114 451 187 23 701 1331 0 0 39
115 250 265 -60 1311 1925 10 1 39
116 382 107 13 0 544 10 0 40
117 361 15 12 196 826 10 0 40
118 403 108 -25 453 1083 10 1 40
119 15 11 15 652 1282 10 0 41
120 226 423 15 0 527 10 0 41
121 104 28 -30 1173 1803 10 1 41
122 316 245 25 0 387 10 0 42
123 241 39 14 926 1556 0 0 42
124 361 158 30 161 791 10 0 42
125 227 217 -69 1082 1712 10 1 42
126 302 114 26 4 634 0 0 43
127 185 362 -26 0 1925 10 1 43
128 5 445 30 13 643 10 0 44
129 1 101 8 957 1587 10 0 44
130 2 264 40 355 985 10 0 44
131 134 194 -78 1352 1925 10 1 44
132 425 263 21 67 697 10 0 45
133 185 432 -21 1146 1776 10 1 45
134 466 149 16 886 1516 10 0 46
135 139 438 24 0 548 10 0 46
136 199 203 -40 1157 1787 10 1 46
137 349 51 6 156 786 10 0 47
138 468 223 22 828 1458 10 0 47
139 347 242 -28 1271 1901 10 1 47
140 257 316 33 0 386 10 0 48
141 81 314 -33 389 1019 10 1 48
142 376 385 12 0 514 10 0 49
143 206 172 29 488 1118 10 0 49
144 325 311 -41 1022 1652 10 1 49
145 22 377 27 26 656 10 0 50
146 421 406 23 620 1250 10 0 50
147 23 324 14 0 575 10 0 50
148 172 311 -64 1313 1925 10 1 50
149 162 306 22 0 449 10 0 51
150 149 214 7 182 812 10 0 51
151 64 294 12 801 1431 10 0 51
152 12 358 -41 924 1554 10 1 51
153 347 51 8 702 1332 10 0 52
154 297 266 18 0 367 10 0 52
155 225 292 21 1140 1770 10 0 52
156 443 329 -47 0 1925 10 1 52
157 181 441 25 242 872 10 0 53
158 105 181 19 1231 1861 0 0 53
159 176 199 28 0 419 10 0 53
160 226 175 -72 1394 1925 10 1 53
161 210 88 31 693 1323 10 0 54
162 376 344 5 110 740 10 0 54
163 233 188 -36 836 1466 10 1 54
164 402 11 11 305 935 0 0 55
165 307 141 -11 865 1495 10 1 55
166 99 195 16 300 930 10 0 56
167 375 38 9 0 598 10 0 56
168 284 413 -25 587 1217 10 1 56
169 337 41 8 702 1332 10 0 57
170 330 371 1 259 889 10 0 57
171 240 240 -9 1400 1925 10 1 57
172 144 35 26 0 569 10 0 58
173 30 155 -26 980 1610 10 1 58
174 330 138 18 810 1440 0 0 59
175 299 353 34 0 444 10 0 59
176 222 331 10 240 870 10 0 59
177 337 232 -62 1271 1901 10 1 59
178 436 295 11 228 858 10 0 60
179 289 220 19 0 379 10 0 60
180 466 96 -30 1083 1713 10 1 60
181 288 439 16 0 603 10 0 61
182 482 141 -16 711 1341 10 1 61
183 198 85 28 0 593 10 0 62
184 125 61 -28 312 942 10 1 62
185 342 469 35 69 699 10 0 63
186 444 369 -35 1092 1722 10 1 63
187 210 219 7 0 380 10 0 64
188 214 274 -7 1069 1699 10 1 64
189 404 59 13 613 1243 10 0 65
190 423 315 12 0 514 10 0 65
191 495 355 -25 943 1573 10 1 65
192 29 283 25 717 1347 10 0 66
193 344 491 32 30 660 10 0 66
194 392 370 26 0 508 10 0 66
195 369 256 -83 0 1925 10 1 66
196 255 487 19 98 728 10 0 67
197 223 178 20 836 1466 10 0 67
198 385 239 21 486 1116 10 0 67
199 272 234 -60 1290 1920 10 1 67
200 261 359 10 0 439 10 0 68
201 328 458 -10 468 1098 10 1 68
