15 200
0 250 250 0 0 1925 0 -1 -1
0 423 170 27 213 843 10 0 0
1 429 169 8 603 1233 10 0 0
2 226 316 21 0 400 10 0 0
3 295 247 -56 1003 1633 10 1 0
4 366 334 5 110 740 10 0 1
5 94 192 -5 780 1410 10 1 1
6 318 99 35 913 1543 10 0 2
7 347 192 -35 1188 1818 10 1 2
8 339 41 6 156 786 10 0 3
9 68 53 16 439 1069 0 0 3
10 292 104 26 4 634 0 0 3
11 485 428 -48 1190 1820 10 1 3
12 293 228 19 0 378 10 0 4
13 232 101 -19 46 676 10 1 4
14 224 56 13 886 1516 10 0 5
15 148 462 10 427 1057 10 0 5
16 396 83 -23 1286 1916 10 1 5
17 144 35 26 0 569 10 0 6
18 251 63 14 687 1317 10 0 6
19 352 63 -40 878 1508 10 1 6
20 166 440 12 0 537 10 0 7
21 426 231 24 728 1358 10 0 7
22 299 353 -36 0 1925 10 1 7
23 13 314 14 0 575 10 0 8
24 382 110 -14 812 1442 10 1 8
25 460 117 14 220 850 10 0 9
26 13 214 21 1054 1684 10 0 9
27 264 180 -35 1381 1925 10 1 9
28 458 213 22 828 1458 10 0 10
29 222 331 10 240 870 10 0 10
30 332 459 35 69 699 10 0 10
31 466 96 -67 1083 1713 10 1 10
32 84 255 13 0 612 10 0 11
33 163 472 -13 353 983 10 1 11
34 200 78 31 693 1323 10 0 12
35 175 239 23 0 405 10 0 12
36 228 260 -54 1306 1925 10 1 12
