15 200
0 250 250 0 0 1925 0 -1 -1
0 355 174 33 415 1045 10 0 0
1 94 192 -33 780 1410 10 1 0
2 306 235 25 0 387 10 0 1
3 181 185 -25 1314 1925 10 1 1
4 385 17 40 509 1139 10 0 2
5 199 203 -40 1157 1787 10 1 2
6 198 85 28 0 593 10 0 3
7 325 56 13 496 1126 10 0 3
8 437 90 12 285 915 10 0 3
9 400 71 -53 1072 1702 10 1 3
10 382 360 26 0 508 10 0 4
11 39 153 26 498 1128 10 0 4
12 228 260 12 1306 1925 0 0 4
13 226 175 -64 1394 1925 10 1 4
14 59 276 11 592 1222 10 0 5
15 435 180 37 0 555 10 0 5
16 441 7 20 92 722 10 0 5
17 433 319 -68 1076 1706 10 1 5
18 41 232 16 0 539 10 0 6
19 396 417 -16 510 1140 10 1 6
20 337 41 8 702 1332 10 0 7
21 235 13 27 59 689 10 0 7
22 214 274 -35 1069 1699 10 1 7
23 303 78 12 0 509 10 0 8
24 29 358 23 311 941 10 0 8
25 62 94 -35 651 1281 10 1 8
26 380 350 15 566 1196 10 0 9
27 495 355 -15 943 1573 10 1 9
28 5 445 30 13 643 10 0 10
29 120 261 -30 493 1123 10 1 10
30 15 11 15 652 1282 10 0 11
31 178 135 -15 1214 1844 10 1 11
32 226 423 15 0 527 10 0 12
33 178 150 33 332 962 10 0 12
34 26 442 -48 1044 1674 10 1 12
