15 200
0 250 250 0 0 1925 0 -1 -1
0 415 253 21 77 687 10 0 0
1 94 192 1 790 1400 10 0 0
2 142 360 -22 1242 1852 10 1 0
3 230 487 20 840 1450 0 0 1
4 366 334 5 120 730 10 0 1
5 448 404 -25 0 1925 10 1 1
6 332 459 35 79 689 10 0 2
7 107 374 -35 624 1234 10 1 2
8 125 65 17 498 1108 10 0 3
9 197 202 29 914 1524 0 0 3
10 68 303 -46 0 1925 10 1 3
11 153 235 10 0 408 10 0 4
12 456 113 -10 937 1547 10 1 4
13 339 41 6 166 776 10 0 5
14 26 221 -6 706 1316 10 1 5
15 62 375 16 59 669 10 0 6
16 159 226 16 0 404 10 0 6
17 48 437 4 514 1124 10 0 6
18 217 357 -36 1130 1740 10 1 6
19 92 76 4 849 1459 10 0 7
20 188 151 -4 1007 1617 10 1 7
21 102 422 23 0 546 10 0 8
22 39 153 26 508 1118 10 0 8
23 405 454 -49 0 1925 10 1 8
24 340 291 22 180 790 10 0 9
25 175 239 23 0 385 10 0 9
26 385 285 13 578 1188 10 0 9
27 151 81 -58 1268 1878 10 1 9
28 394 47 5 23 633 10 0 10
29 195 111 -5 708 1318 10 1 10
30 460 117 14 230 840 10 0 11
31 347 184 15 789 1399 10 0 11
32 191 215 17 0 378 10 0 11
33 492 335 -46 0 1925 10 1 11
34 112 433 29 0 1925 10 0 12
35 272 420 7 1096 1706 10 0 12
36 34 169 11 194 804 10 0 12
37 240 255 -47 1321 1925 10 1 12
