15 200
0 250 250 0 0 1925 0 -1 -1
0 226 423 15 0 517 10 0 0
1 355 174 33 425 1035 10 0 0
2 337 41 8 712 1322 10 0 0
3 257 391 -56 1343 1925 10 1 0
4 372 97 13 0 534 10 0 1
5 202 391 30 334 944 10 0 1
6 172 66 -43 1013 1623 10 1 1
7 455 168 21 577 1187 10 0 2
8 214 274 -21 1079 1689 10 1 2
9 382 360 26 0 498 10 0 3
10 448 414 23 933 1543 10 0 3
11 386 245 16 189 799 10 0 3
12 228 260 -65 1316 1925 10 1 3
13 142 80 12 202 812 10 0 4
14 214 245 8 0 346 0 0 4
15 89 358 -20 957 1567 10 1 4
16 132 151 22 0 464 10 0 5
17 235 13 27 69 679 10 0 5
18 166 345 -49 840 1450 10 1 5
19 154 374 36 647 1257 10 0 6
20 12 358 -36 934 1544 10 1 6
21 441 7 20 102 712 10 0 7
22 303 78 12 0 489 10 0 7
23 411 396 -32 630 1240 10 1 7
24 301 239 31 0 362 10 0 8
25 62 94 -31 661 1271 10 1 8
26 63 155 7 675 1285 10 0 9
27 248 386 22 88 698 10 0 9
28 306 235 25 0 367 10 0 9
29 485 428 -54 1200 1810 10 1 9
30 59 388 20 373 983 10 0 10
31 235 288 18 0 350 10 0 10
32 240 240 -38 1410 1925 10 1 10
33 0 356 13 796 1406 10 0 11
34 495 83 32 151 761 10 0 11
35 217 357 -45 1130 1740 10 1 11
