30 200
0 250 250 0 0 1925 0 -1 -1
1 15 455 30 21 631 10 0 0
2 410 81 17 1082 1692 0 0 0
3 406 93 -47 1296 1906 10 1 0
4 381 433 10 0 521 0 0 1
5 278 298 -10 977 1587 10 1 1
6 102 422 23 0 556 10 0 2
7 463 253 -23 747 1377 10 1 2
8 224 56 13 886 1516 10 0 3
9 436 123 40 0 1925 10 0 3
10 162 306 22 0 449 10 0 3
11 157 269 -75 1276 1906 10 1 3
12 119 66 27 0 549 10 0 4
13 49 163 26 508 1118 10 0 4
14 273 163 12 122 732 10 0 4
15 316 239 -65 1030 1640 10 1 4
16 125 65 17 488 1118 10 0 5
17 168 109 10 0 534 10 0 5
18 382 110 -27 812 1442 10 1 5
19 62 375 16 49 679 10 0 6
20 325 210 15 633 1263 10 0 6
21 400 71 17 1072 1702 10 0 6
22 117 110 -48 0 1925 10 1 6
23 69 398 20 373 983 10 0 7
24 419 265 -20 1232 1842 10 1 7
25 84 255 13 0 612 10 0 8
26 413 493 26 918 1548 10 0 8
27 235 288 18 0 370 10 0 8
28 257 391 -57 1333 1925 10 1 8
29 386 102 10 701 1311 10 0 9
30 163 245 10 0 408 10 0 9
31 78 313 22 0 541 10 0 9
32 241 39 -42 936 1546 10 1 9
33 226 423 15 0 527 10 0 10
34 411 379 25 0 1925 10 0 10
35 366 260 -40 1220 1850 10 1 10
36 120 17 30 0 609 10 0 11
37 59 388 -30 363 993 10 1 11
38 289 220 19 0 379 10 0 12
39 306 229 -19 1020 1650 10 1 12
40 208 95 28 0 583 10 0 13
41 108 12 14 302 912 10 0 13
42 22 368 -42 934 1544 10 1 13
43 176 199 28 0 419 10 0 14
44 404 59 -28 613 1243 10 1 14
45 144 35 26 0 569 10 0 15
46 325 311 22 1022 1652 0 0 15
47 376 113 -48 0 1925 10 1 15
48 201 225 17 0 378 10 0 16
49 389 496 -17 382 992 10 1 16
50 451 17 20 102 712 10 0 17
51 245 298 18 0 350 10 0 17
52 402 11 11 315 925 10 0 17
53 70 15 -49 754 1364 10 1 17
54 404 57 5 23 633 10 0 18
55 220 229 7 0 360 10 0 18
56 182 76 -12 1013 1623 10 1 18
57 76 98 2 540 1150 10 0 19
58 168 189 37 0 426 10 0 19
59 92 193 -39 812 1422 10 1 19
60 381 328 12 0 1925 10 0 20
61 303 78 12 0 509 10 0 20
62 333 293 -24 317 947 10 1 20
63 445 190 37 0 545 10 0 21
64 505 365 -37 953 1563 10 1 21
65 15 234 19 765 1375 10 0 22
66 43 296 -19 1256 1866 10 1 22
67 406 427 13 520 1130 10 0 23
68 61 296 -13 1169 1779 10 1 23
69 15 11 15 652 1282 10 0 24
70 137 377 23 0 499 10 0 24
71 248 214 -38 1179 1809 10 1 24
72 200 78 31 693 1323 10 0 25
73 366 334 5 110 740 10 0 25
74 223 178 -36 836 1466 10 1 25
75 292 104 26 4 634 0 0 26
76 175 352 -26 0 1925 10 1 26
77 179 315 21 0 482 10 0 27
78 411 174 13 331 941 10 0 27
79 492 151 -34 721 1331 10 1 27
80 33 268 18 396 1026 10 0 28
81 95 382 19 0 1925 10 0 28
82 373 418 -37 959 1589 10 1 28
83 12 367 27 26 656 10 0 29
84 411 396 23 620 1250 10 0 29
85 13 314 14 0 575 10 0 29
86 162 301 -64 1313 1925 10 1 29
87 153 235 10 0 428 10 0 30
88 198 85 -10 0 593 10 1 30
89 339 466 19 0 569 10 0 31
90 251 190 13 1405 1925 0 0 31
91 251 190 -32 1405 1925 10 1 31
92 191 270 23 0 379 10 0 32
93 191 451 25 252 862 10 0 32
94 284 413 -48 597 1207 10 1 32
95 120 261 23 208 818 10 0 33
96 254 287 18 1011 1621 0 0 33
97 191 195 -41 1324 1925 10 1 33
98 154 45 26 0 549 10 0 34
99 164 384 36 647 1257 10 0 34
100 462 494 26 988 1598 0 0 34
101 495 438 -88 1200 1810 10 1 34
102 189 85 13 450 1060 10 0 35
103 153 168 12 0 458 10 0 35
104 252 116 -25 978 1588 10 1 35
105 381 173 21 538 1148 0 0 36
106 313 88 12 0 489 10 0 36
107 365 184 33 425 1035 10 0 36
108 235 279 -66 981 1591 10 1 36
109 263 60 27 0 546 10 0 37
110 10 366 13 796 1406 10 0 37
111 219 222 -40 1238 1848 10 1 37
112 185 434 9 0 1925 10 0 38
113 181 441 -9 242 872 10 1 38
114 435 180 37 0 555 10 0 39
115 441 177 23 701 1331 0 0 39
116 240 255 -60 1311 1925 10 1 39
117 382 9 30 0 604 10 0 40
118 385 239 21 486 1116 10 0 40
119 103 464 -51 973 1603 10 1 40
120 316 245 25 0 367 10 0 41
121 263 84 20 1060 1670 0 0 41
122 188 145 -45 1224 1834 10 1 41
123 186 209 28 0 399 10 0 42
124 471 192 -28 339 949 10 1 42
125 19 273 25 717 1347 10 0 43
126 334 481 32 30 660 10 0 43
127 382 360 26 0 508 10 0 43
128 359 246 -83 0 1925 10 1 43
129 332 459 35 69 699 10 0 44
130 434 359 -35 1092 1722 10 1 44
131 415 253 21 67 697 10 0 45
132 175 422 -21 1146 1776 10 1 45
133 205 396 13 0 456 10 0 46
134 31 80 -13 481 1091 10 1 46
135 499 169 29 1138 1748 10 0 47
136 333 39 7 847 1457 0 0 47
137 395 68 24 115 725 10 0 47
138 236 185 -60 1404 1925 10 1 47
139 392 370 26 0 498 10 0 48
140 480 427 11 447 1057 10 0 48
141 458 424 23 933 1543 10 0 48
142 238 270 -60 1316 1925 10 1 48
143 271 369 10 0 419 10 0 49
144 169 309 12 726 1336 10 0 49
145 113 474 -22 983 1593 10 1 49
146 339 41 6 156 786 10 0 50
147 458 213 22 828 1458 10 0 50
148 337 232 -28 1271 1901 10 1 50
149 337 41 8 702 1332 10 0 51
150 287 256 18 0 367 10 0 51
151 215 282 21 1140 1770 10 0 51
152 433 319 -47 0 1925 10 1 51
153 481 378 19 138 748 10 0 52
154 500 296 -19 232 842 10 1 52
155 245 23 27 69 679 10 0 53
156 425 217 -27 610 1220 10 1 53
157 306 235 25 0 387 10 0 54
158 231 29 14 926 1556 0 0 54
159 351 148 30 161 791 10 0 54
160 217 207 -69 1082 1712 10 1 54
161 175 239 23 0 405 10 0 55
162 460 117 14 220 850 10 0 55
163 92 76 4 839 1469 10 0 55
164 177 486 -41 0 1925 10 1 55
165 60 393 20 0 580 10 0 56
166 33 245 43 733 1343 0 0 56
167 44 179 11 194 804 0 0 56
168 412 287 -74 1148 1758 10 1 56
169 128 113 22 63 693 10 0 57
170 150 68 23 0 1925 10 0 57
171 322 290 23 0 1925 10 0 57
172 82 183 -68 802 1432 10 1 57
173 222 331 10 240 870 10 0 58
174 243 408 -10 1134 1764 10 1 58
175 247 306 33 0 386 10 0 59
176 71 304 -33 389 1019 10 1 59
177 89 185 16 300 930 10 0 60
178 365 28 9 0 598 10 0 60
179 274 403 -25 587 1217 10 1 60
180 298 449 16 0 593 10 0 61
181 409 185 13 457 1067 10 0 61
182 257 316 33 0 366 10 0 61
183 284 271 -62 1417 1925 10 1 61
184 159 468 13 874 1484 10 0 62
185 258 224 -13 1189 1799 10 1 62
186 392 1 11 305 935 0 0 63
187 297 131 -11 865 1495 10 1 63
188 5 445 30 13 643 10 0 64
189 448 397 33 566 1196 0 0 64
190 65 343 38 0 537 10 0 64
191 211 446 -101 823 1453 10 1 64
192 309 363 34 0 424 10 0 65
193 502 44 5 521 1131 10 0 65
194 224 284 -39 1079 1689 10 1 65
195 236 433 15 0 517 10 0 66
196 340 148 18 820 1430 0 0 66
197 347 51 8 712 1322 10 0 66
198 295 257 -41 985 1595 10 1 66
199 152 90 12 202 812 10 0 67
200 448 137 -12 651 1261 10 1 67
201 372 97 13 0 544 10 0 68
202 351 5 12 196 826 10 0 68
203 393 98 -25 453 1083 10 1 68
