30 200
0 250 250 0 0 1925 0 -1 -1
1 498 106 22 766 1396 10 0 0
2 319 39 11 994 1624 0 0 0
3 15 455 30 13 643 10 0 0
4 224 255 8 0 366 10 0 0
5 381 173 21 528 1158 0 0 0
6 199 412 10 236 866 10 0 0
7 238 270 -102 1306 1925 10 1 0
8 392 1 11 315 925 10 0 1
9 458 213 22 838 1448 10 0 1
10 0 356 13 0 1925 10 0 1
11 235 13 27 69 679 10 0 1
12 303 78 12 0 489 10 0 1
13 133 273 -85 0 1925 10 1 1
14 6 196 20 913 1523 0 0 2
15 288 439 16 0 1925 10 0 2
16 284 319 17 0 1925 10 0 2
17 494 165 19 0 1925 10 0 2
18 441 7 20 102 712 10 0 2
19 450 194 27 335 945 0 0 2
20 213 185 21 0 384 10 0 2
21 257 391 -140 1343 1925 10 1 2
22 100 266 5 180 790 0 0 3
23 301 239 31 0 362 10 0 3
24 456 113 -36 937 1547 10 1 3
25 460 117 14 230 840 10 0 4
26 92 76 4 849 1459 10 0 4
27 60 5 18 754 1364 10 0 4
28 144 220 -36 0 1925 10 1 4
29 102 422 23 0 546 10 0 5
30 48 437 4 514 1124 10 0 5
31 397 477 13 0 1925 10 0 5
32 393 98 -40 0 1925 10 1 5
33 345 431 12 55 665 10 0 6
34 257 57 18 0 1925 10 0 6
35 382 360 26 0 498 10 0 6
36 91 27 -56 892 1502 10 1 6
37 392 370 26 0 508 10 0 7
38 447 108 16 814 1444 10 0 7
39 409 185 13 447 1077 10 0 7
40 297 266 18 0 367 10 0 7
41 448 137 2 641 1271 10 0 7
42 476 106 -75 1083 1713 10 1 7
43 298 449 16 0 603 10 0 8
44 31 80 15 471 1101 10 0 8
45 152 370 20 1232 1862 0 0 8
46 344 413 26 0 504 10 0 8
47 258 396 22 78 708 10 0 8
48 185 362 -99 1365 1925 10 1 8
49 461 72 5 0 612 10 0 9
50 347 51 8 702 1332 10 0 9
51 451 17 20 92 722 10 0 9
52 182 76 -33 1003 1633 10 1 9
53 71 12 2 3 613 10 0 10
54 245 42 24 257 867 10 0 10
55 87 51 35 0 1925 10 0 10
56 460 424 11 1165 1775 10 0 10
57 173 65 12 158 768 10 0 10
58 274 441 12 0 1925 10 0 10
59 135 400 20 0 1925 10 0 10
60 329 456 -116 0 1925 10 1 10
61 313 88 12 0 509 10 0 11
62 78 250 11 494 1124 10 0 11
63 33 245 43 723 1353 10 0 11
64 295 257 -66 975 1605 10 1 11
65 494 234 7 0 630 10 0 12
66 245 298 18 0 370 10 0 12
67 459 200 -25 840 1470 10 1 12
68 55 318 13 22 632 10 0 13
69 347 192 -13 1198 1808 10 1 13
70 309 363 34 0 444 10 0 14
71 395 27 40 509 1139 10 0 14
72 263 84 -74 1050 1680 10 1 14
73 446 305 11 228 858 10 0 15
74 299 230 19 0 379 10 0 15
75 159 468 -30 864 1494 10 1 15
76 447 272 12 94 704 10 0 16
77 168 109 10 0 1925 10 0 16
78 423 221 9 0 1925 10 0 16
79 421 386 29 534 1144 10 0 16
80 364 71 -60 0 1925 10 1 16
81 489 397 13 97 727 10 0 17
82 470 338 13 0 554 10 0 17
83 449 232 22 680 1310 10 0 17
84 395 249 21 486 1116 10 0 17
85 278 298 26 967 1597 0 0 17
86 224 284 -95 1069 1699 10 1 17
87 457 282 12 84 714 10 0 18
88 445 190 37 0 555 10 0 18
89 11 111 8 957 1587 10 0 18
90 172 311 -57 1313 1925 10 1 18
91 44 339 2 743 1373 10 0 19
92 22 368 -2 924 1554 10 1 19
93 175 239 23 0 385 10 0 20
94 61 170 20 716 1326 10 0 20
95 311 203 15 433 1043 10 0 20
96 82 183 -58 812 1422 10 1 20
97 36 352 12 21 651 10 0 21
98 135 71 -12 312 942 10 1 21
99 236 433 15 0 527 10 0 22
100 433 180 27 213 843 10 0 22
101 365 184 33 415 1045 10 0 22
102 261 248 27 0 342 10 0 22
103 414 69 13 613 1243 10 0 22
104 340 148 18 810 1440 0 0 22
105 205 474 20 1241 1871 0 0 22
106 267 401 -153 1333 1925 10 1 22
107 144 35 26 0 549 10 0 23
108 16 287 -26 0 1925 10 1 23
109 115 395 11 525 1135 10 0 24
110 90 477 18 0 587 10 0 24
111 10 237 19 326 936 10 0 24
112 224 56 -48 896 1506 10 1 24
113 364 426 10 379 1009 10 0 25
114 46 311 21 0 549 10 0 25
115 19 243 31 6 636 10 0 25
116 50 314 16 845 1475 10 0 25
117 225 292 -78 1140 1770 10 1 25
118 301 261 20 0 371 10 0 26
119 492 114 19 507 1137 10 0 26
120 208 95 28 0 593 10 0 26
121 333 39 7 837 1467 10 0 26
122 311 249 31 0 382 10 0 26
123 504 175 19 304 934 10 0 26
124 328 109 35 913 1543 10 0 26
125 188 145 -159 1214 1844 10 1 26
126 189 85 13 440 1070 10 0 27
127 140 257 17 0 450 10 0 27
128 354 80 24 846 1476 10 0 27
129 335 220 15 633 1263 10 0 27
130 150 147 32 270 900 10 0 27
131 236 185 -101 1394 1925 10 1 27
132 244 368 25 124 734 10 0 28
133 132 32 18 494 1104 10 0 28
134 449 190 2 850 1460 10 0 28
135 58 391 -45 0 1925 10 1 28
136 415 253 21 77 687 10 0 29
137 39 153 26 508 1118 10 0 29
138 215 282 21 1150 1760 10 0 29
139 306 235 25 0 367 10 0 29
140 231 410 14 0 1925 0 0 29
141 333 163 32 0 1925 10 0 29
142 157 269 -139 1286 1896 10 1 29
143 59 388 20 373 983 10 0 30
144 94 192 1 790 1400 10 0 30
145 293 174 31 0 397 10 0 30
146 198 85 28 0 583 10 0 30
147 133 455 25 518 1128 10 0 30
148 244 277 -105 1011 1621 10 1 30
149 153 235 10 0 408 10 0 31
150 62 375 16 59 669 10 0 31
151 230 487 20 840 1450 0 0 31
152 141 426 23 241 851 10 0 31
153 158 24 18 0 1925 10 0 31
154 253 118 -87 0 1925 10 1 31
155 25 21 15 652 1282 10 0 32
156 220 143 15 389 1019 10 0 32
157 316 245 25 0 387 10 0 32
158 245 23 27 59 689 10 0 32
159 238 270 12 1306 1925 0 0 32
160 241 39 14 926 1556 10 0 32
161 200 277 -108 1454 1925 10 1 32
162 0 422 8 531 1141 0 0 33
163 34 169 11 194 804 10 0 33
164 208 445 22 0 1925 10 0 33
165 217 357 -41 1130 1740 10 1 33
166 257 316 33 0 386 10 0 34
167 342 392 -33 710 1340 10 1 34
168 332 459 35 79 689 10 0 35
169 206 174 -35 0 1925 10 1 35
170 191 451 25 242 872 10 0 36
171 115 191 19 1231 1861 0 0 36
172 186 209 28 0 419 10 0 36
173 480 415 17 626 1256 10 0 36
174 84 225 10 0 559 10 0 36
175 220 229 7 0 380 10 0 36
176 430 393 27 682 1312 0 0 36
177 280 347 -133 1483 1925 10 1 36
178 480 119 7 0 1925 10 0 37
179 480 131 -7 398 1008 10 1 37
180 485 277 7 480 1110 10 0 38
181 425 217 -7 600 1230 10 1 38
182 149 341 6 114 724 10 0 39
183 283 438 3 0 551 10 0 39
184 228 287 21 0 353 10 0 39
185 71 304 19 399 1009 10 0 39
186 404 140 -49 969 1579 10 1 39
187 226 423 15 0 517 10 0 40
188 125 65 17 498 1108 10 0 40
189 197 202 29 914 1524 0 0 40
190 366 334 5 120 730 10 0 40
191 66 88 2 0 1925 10 0 40
192 311 422 29 0 1925 10 0 40
193 285 247 13 0 1925 10 0 40
194 396 83 -110 1296 1906 10 1 40
195 235 288 18 0 1925 0 0 41
196 80 117 24 534 1144 10 0 41
197 253 50 27 0 546 10 0 41
198 465 367 14 0 1925 10 0 41
199 246 407 12 0 1925 10 0 41
200 436 295 -95 0 1925 10 1 41
201 201 225 17 0 398 10 0 42
202 457 194 27 124 754 10 0 42
203 88 416 15 660 1290 10 0 42
204 168 189 37 0 446 10 0 42
205 235 279 30 971 1601 0 0 42
206 209 213 -126 1157 1787 10 1 42
207 154 45 26 0 569 10 0 43
208 333 44 -26 1015 1645 10 1 43
