30 200
0 250 250 0 0 1925 0 -1 -1
1 303 78 12 0 509 10 0 0
2 68 240 11 494 1124 10 0 0
3 23 235 43 723 1353 10 0 0
4 285 247 -66 975 1605 10 1 0
5 436 295 11 228 858 10 0 1
6 289 220 19 0 379 10 0 1
7 149 458 -30 864 1494 10 1 1
8 382 360 26 0 508 10 0 2
9 437 98 16 814 1444 10 0 2
10 399 175 13 447 1077 10 0 2
11 287 256 18 0 367 10 0 2
12 438 127 2 641 1271 10 0 2
13 466 96 -75 1083 1713 10 1 2
14 288 439 16 0 603 10 0 3
15 21 70 15 471 1101 10 0 3
16 142 360 20 1232 1862 0 0 3
17 334 403 26 0 504 10 0 3
18 248 386 22 78 708 10 0 3
19 175 352 -99 1365 1925 10 1 3
20 488 96 22 766 1396 10 0 4
21 309 29 11 994 1624 0 0 4
22 5 445 30 13 643 10 0 4
23 214 245 8 0 366 10 0 4
24 371 163 21 528 1158 0 0 4
25 189 402 10 236 866 10 0 4
26 228 260 -102 1306 1925 10 1 4
27 342 469 35 69 699 10 0 5
28 364 166 20 532 1162 10 0 5
29 383 428 -55 959 1589 10 1 5
30 277 384 23 301 931 10 0 6
31 395 249 21 486 1116 10 0 6
32 335 220 15 633 1263 10 0 6
33 178 119 10 0 534 10 0 6
34 197 83 18 0 622 10 0 6
35 275 250 9 0 348 10 0 6
36 70 39 32 1063 1693 0 0 6
37 191 195 -128 1314 1925 10 1 6
38 226 423 15 0 527 10 0 7
39 423 170 27 213 843 10 0 7
40 355 174 33 415 1045 10 0 7
41 251 238 27 0 342 10 0 7
42 404 59 13 613 1243 10 0 7
43 330 138 18 810 1440 0 0 7
44 195 464 20 1241 1871 0 0 7
45 257 391 -153 1333 1925 10 1 7
46 291 251 20 0 371 10 0 8
47 482 104 19 507 1137 10 0 8
48 198 85 28 0 593 10 0 8
49 323 29 7 837 1467 10 0 8
50 301 239 31 0 382 10 0 8
51 494 165 19 304 934 10 0 8
52 318 99 35 913 1543 10 0 8
53 178 135 -159 1214 1844 10 1 8
54 293 448 3 0 561 10 0 9
55 423 503 26 918 1548 10 0 9
56 196 145 24 0 1925 10 0 9
57 58 376 29 443 1073 10 0 9
58 290 255 21 0 360 10 0 9
59 254 432 14 238 868 10 0 9
60 321 432 29 0 1925 10 0 9
61 255 186 -146 0 1925 10 1 9
62 191 215 17 0 398 10 0 10
63 447 184 27 124 754 10 0 10
64 78 406 15 660 1290 10 0 10
65 158 179 37 0 446 10 0 10
66 225 269 30 971 1601 0 0 10
67 199 203 -126 1157 1787 10 1 10
68 94 265 13 0 612 10 0 11
69 497 330 21 558 1188 10 0 11
70 404 332 12 725 1355 10 0 11
71 185 249 23 0 405 10 0 11
72 410 81 17 1072 1702 10 0 11
73 236 185 -86 1394 1925 10 1 11
74 376 344 5 110 740 10 0 12
75 66 278 -5 764 1394 10 1 12
76 15 11 15 652 1282 10 0 13
77 210 133 15 389 1019 10 0 13
78 306 235 25 0 387 10 0 13
79 235 13 27 59 689 10 0 13
80 228 260 12 1306 1925 0 0 13
81 231 29 14 926 1556 10 0 13
82 190 267 -108 1454 1925 10 1 13
83 72 385 16 49 679 10 0 14
84 102 86 4 839 1469 10 0 14
85 299 230 19 0 379 10 0 14
86 152 370 -39 1232 1862 10 1 14
87 22 377 27 26 656 10 0 15
88 421 406 23 620 1250 10 0 15
89 23 324 14 0 575 10 0 15
90 468 223 22 828 1458 10 0 15
91 232 341 10 240 870 10 0 15
92 163 245 10 0 428 10 0 15
93 399 53 21 0 1925 10 0 15
94 406 93 -127 1286 1916 10 1 15
95 402 11 11 305 935 0 0 16
96 93 179 21 0 1925 10 0 16
97 189 507 1 1111 1741 10 0 16
98 266 451 -33 0 1925 10 1 16
99 144 35 26 0 569 10 0 17
100 323 34 -26 1015 1645 10 1 17
101 186 209 28 0 419 10 0 18
102 373 235 35 556 1186 10 0 18
103 154 45 26 0 569 10 0 18
104 22 368 -89 924 1554 10 1 18
105 153 168 12 0 471 10 0 19
106 381 325 -12 866 1496 10 1 19
107 179 75 13 440 1070 10 0 20
108 130 247 17 0 450 10 0 20
109 344 70 24 846 1476 10 0 20
110 325 210 15 633 1263 10 0 20
111 140 137 32 270 900 10 0 20
112 226 175 -101 1394 1925 10 1 20
113 392 370 26 0 508 10 0 21
114 258 396 22 78 708 10 0 21
115 169 309 12 716 1346 10 0 21
116 90 367 1 230 860 0 0 21
117 36 77 -61 1017 1647 10 1 21
118 147 387 23 0 499 10 0 22
119 56 173 8 626 1256 10 0 22
120 68 49 -31 0 1925 10 1 22
121 447 272 12 84 714 10 0 23
122 435 180 37 0 555 10 0 23
123 1 101 8 957 1587 10 0 23
124 162 301 -57 1313 1925 10 1 23
125 299 353 34 0 444 10 0 24
126 385 17 40 509 1139 10 0 24
127 253 74 -74 1050 1680 10 1 24
128 34 329 2 743 1373 10 0 25
129 12 358 -2 924 1554 10 1 25
130 479 387 13 97 727 10 0 26
131 460 328 13 0 554 10 0 26
132 439 222 22 680 1310 10 0 26
133 385 239 21 486 1116 10 0 26
134 268 288 26 967 1597 0 0 26
135 214 274 -95 1069 1699 10 1 26
136 245 298 18 0 370 10 0 27
137 138 123 22 63 693 10 0 27
138 25 21 15 652 1282 10 0 27
139 274 190 -55 1381 1925 10 1 27
140 470 127 14 220 850 10 0 28
141 257 316 33 0 386 10 0 28
142 335 321 22 1022 1652 0 0 28
143 172 311 -69 1313 1925 10 1 28
144 475 267 7 480 1110 10 0 29
145 415 207 -7 600 1230 10 1 29
146 72 246 29 258 888 10 0 30
147 112 432 23 0 556 10 0 30
148 58 422 -52 732 1362 10 1 30
149 26 342 12 21 651 10 0 31
150 125 61 -12 312 942 10 1 31
151 354 416 10 379 1009 10 0 32
152 36 301 21 0 549 10 0 32
153 9 233 31 6 636 10 0 32
154 40 304 16 845 1475 10 0 32
155 215 282 -78 1140 1770 10 1 32
156 181 441 25 242 872 10 0 33
157 105 181 19 1231 1861 0 0 33
158 176 199 28 0 419 10 0 33
159 470 405 17 626 1256 10 0 33
160 74 215 10 0 559 10 0 33
161 210 219 7 0 380 10 0 33
162 420 383 27 682 1312 0 0 33
163 270 337 -133 1483 1925 10 1 33
164 43 278 18 396 1026 10 0 34
165 234 66 13 886 1516 10 0 34
166 243 97 18 0 583 10 0 34
167 43 288 -49 1187 1817 10 1 34
168 159 224 7 0 1925 10 0 35
169 425 263 21 67 697 10 0 35
170 377 107 17 688 1318 10 0 35
171 433 231 9 0 588 10 0 35
172 241 39 14 926 1556 0 0 35
173 182 76 -68 1003 1633 10 1 35
174 451 62 5 0 612 10 0 36
175 337 41 8 702 1332 10 0 36
176 441 7 20 92 722 10 0 36
177 172 66 -33 1003 1633 10 1 36
178 130 27 30 0 609 10 0 37
179 333 39 7 837 1467 0 0 37
180 323 401 5 0 1925 10 0 37
181 443 329 -42 0 1925 10 1 37
182 392 19 30 0 604 10 0 38
183 458 407 33 566 1196 0 0 38
184 243 240 20 0 356 10 0 38
185 471 196 16 0 1925 10 0 38
186 345 109 25 918 1548 10 0 38
187 324 215 -124 1227 1857 10 1 38
188 247 306 33 0 386 10 0 39
189 332 382 -33 710 1340 10 1 39
190 210 88 31 693 1323 10 0 40
191 349 51 6 156 786 10 0 40
192 135 75 17 488 1118 10 0 40
193 361 15 12 196 826 10 0 40
194 269 311 25 0 429 10 0 40
195 490 146 22 0 1925 10 0 40
196 267 401 -113 1333 1925 10 1 40
197 431 396 29 524 1154 10 0 41
198 151 436 23 231 861 10 0 41
199 236 433 15 0 527 10 0 41
200 473 263 -67 747 1377 10 1 41
201 484 224 7 0 630 10 0 42
202 235 288 18 0 370 10 0 42
203 449 190 -25 840 1470 10 1 42
204 302 114 26 4 634 0 0 43
205 185 362 -26 0 1925 10 1 43
206 375 129 30 82 712 10 0 44
207 277 184 -30 1318 1925 10 1 44
