30 200
0 250 250 0 0 1925 0 -1 -1
1 226 423 15 0 517 10 0 0
2 125 65 17 498 1108 10 0 0
3 197 202 29 914 1524 0 0 0
4 366 334 5 120 730 10 0 0
5 66 88 2 0 1925 10 0 0
6 311 422 29 0 1925 10 0 0
7 285 247 13 0 1925 10 0 0
8 396 83 -110 1296 1906 10 1 0
9 447 272 12 94 704 10 0 1
10 195 273 22 0 369 10 0 1
11 400 71 17 1082 1692 10 0 1
12 441 177 23 711 1321 10 0 1
13 440 284 25 562 1172 10 0 1
14 480 131 5 398 1008 10 0 1
15 480 136 -104 0 1925 10 1 1
16 175 239 23 0 385 10 0 2
17 61 170 20 716 1326 10 0 2
18 311 203 15 433 1043 10 0 2
19 82 183 -58 812 1422 10 1 2
20 0 422 8 531 1141 0 0 3
21 34 169 11 194 804 10 0 3
22 208 445 22 0 1925 10 0 3
23 217 357 -41 1130 1740 10 1 3
24 460 117 14 230 840 10 0 4
25 92 76 4 849 1459 10 0 4
26 60 5 18 754 1364 10 0 4
27 144 220 -36 0 1925 10 1 4
28 164 332 19 990 1600 0 0 5
29 273 70 36 329 939 10 0 5
30 283 438 3 0 551 10 0 5
31 125 65 17 498 1108 10 0 5
32 265 0 10 0 1925 10 0 5
33 225 121 -85 0 1925 10 1 5
34 392 1 11 315 925 10 0 6
35 458 213 22 838 1448 10 0 6
36 0 356 13 0 1925 10 0 6
37 235 13 27 69 679 10 0 6
38 303 78 12 0 489 10 0 6
39 133 273 -85 0 1925 10 1 6
40 415 253 21 77 687 10 0 7
41 39 153 26 508 1118 10 0 7
42 215 282 21 1150 1760 10 0 7
43 306 235 25 0 367 10 0 7
44 231 410 14 0 1925 0 0 7
45 333 163 32 0 1925 10 0 7
46 157 269 -139 1286 1896 10 1 7
47 59 388 20 373 983 10 0 8
48 94 192 1 790 1400 10 0 8
49 293 174 31 0 397 10 0 8
50 198 85 28 0 583 10 0 8
51 133 455 25 518 1128 10 0 8
52 244 277 -105 1011 1621 10 1 8
53 102 422 23 0 546 10 0 9
54 48 437 4 514 1124 10 0 9
55 397 477 13 0 1925 10 0 9
56 393 98 -40 0 1925 10 1 9
57 100 266 5 180 790 0 0 10
58 301 239 31 0 362 10 0 10
59 456 113 -36 937 1547 10 1 10
60 149 341 6 114 724 10 0 11
61 283 438 3 0 551 10 0 11
62 228 287 21 0 353 10 0 11
63 71 304 19 399 1009 10 0 11
64 404 140 -49 969 1579 10 1 11
65 55 318 13 22 632 10 0 12
66 347 192 -13 1198 1808 10 1 12
67 385 17 40 519 1129 10 0 13
68 409 155 19 0 1925 10 0 13
69 9 233 31 16 626 0 0 13
70 3 23 11 0 1880 10 0 13
71 176 199 28 0 399 10 0 13
72 339 144 13 809 1419 10 0 13
73 149 214 -142 0 1925 10 1 13
74 210 219 7 0 360 10 0 14
75 360 284 -7 0 1925 10 1 14
76 65 343 38 0 527 10 0 15
77 352 63 6 888 1498 10 0 15
78 412 478 7 0 1925 10 0 15
79 162 301 -51 1323 1925 10 1 15
80 120 17 30 0 599 10 0 16
81 13 465 31 484 1094 10 0 16
82 376 113 8 0 1925 10 0 16
83 191 215 17 0 378 10 0 16
84 274 442 -86 0 1925 10 1 16
85 225 488 28 346 956 10 0 17
86 330 308 24 880 1490 0 0 17
87 323 34 -52 0 1925 10 1 17
88 196 489 23 740 1350 10 0 18
89 394 47 5 23 633 10 0 18
90 293 174 31 0 397 10 0 18
91 226 175 -59 1404 1925 10 1 18
92 382 9 30 0 592 10 0 19
93 399 175 13 457 1067 10 0 19
94 199 203 20 1167 1777 10 0 19
95 374 116 9 297 907 10 0 19
96 376 92 -72 0 1925 10 1 19
97 244 368 25 124 734 10 0 20
98 132 32 18 494 1104 10 0 20
99 449 190 2 850 1460 10 0 20
100 58 391 -45 0 1925 10 1 20
101 289 220 19 0 359 10 0 21
102 46 248 -19 524 1134 10 1 21
103 61 170 20 716 1326 10 0 22
104 102 422 23 0 546 10 0 22
105 263 153 12 0 1925 10 0 22
106 303 186 -55 1064 1674 10 1 22
107 64 294 12 811 1421 10 0 23
108 13 314 14 0 564 10 0 23
109 214 245 8 0 346 10 0 23
110 371 488 -34 0 1925 10 1 23
111 153 235 10 0 408 10 0 24
112 181 441 25 252 862 10 0 24
113 53 204 8 765 1375 10 0 24
114 169 305 21 0 482 10 0 24
115 126 391 19 0 593 0 0 24
116 486 324 15 0 1925 10 0 24
117 186 135 24 0 1925 0 0 24
118 322 290 -122 0 1925 10 1 24
119 235 288 18 0 1925 0 0 25
120 80 117 24 534 1144 10 0 25
121 253 50 27 0 546 10 0 25
122 465 367 14 0 1925 10 0 25
123 246 407 12 0 1925 10 0 25
124 436 295 -95 0 1925 10 1 25
125 71 12 2 3 613 10 0 26
126 245 42 24 257 867 10 0 26
127 87 51 35 0 1925 10 0 26
128 460 424 11 1165 1775 10 0 26
129 173 65 12 158 768 10 0 26
130 274 441 12 0 1925 10 0 26
131 135 400 20 0 1925 10 0 26
132 329 456 -116 0 1925 10 1 26
133 153 235 10 0 408 10 0 27
134 62 375 16 59 669 10 0 27
135 230 487 20 840 1450 0 0 27
136 141 426 23 241 851 10 0 27
137 158 24 18 0 1925 10 0 27
138 253 118 -87 0 1925 10 1 27
139 332 459 35 79 689 10 0 28
140 206 174 -35 0 1925 10 1 28
141 58 391 16 592 1202 10 0 29
142 325 311 22 1032 1642 10 0 29
143 366 334 5 120 730 10 0 29
144 280 245 21 0 340 10 0 29
145 460 328 13 0 539 0 0 29
146 135 400 20 0 1925 10 0 29
147 83 290 14 0 1925 10 0 29
148 429 476 -111 0 1925 10 1 29
149 345 431 12 55 665 10 0 30
150 257 57 18 0 1925 10 0 30
151 382 360 26 0 498 10 0 30
152 91 27 -56 892 1502 10 1 30
153 140 137 32 280 890 10 0 31
154 168 109 10 0 524 10 0 31
155 103 123 8 200 810 10 0 31
156 76 462 18 666 1276 10 0 31
157 228 260 -68 1316 1925 10 1 31
158 480 119 7 0 1925 10 0 32
159 480 131 -7 398 1008 10 1 32
160 6 196 20 913 1523 0 0 33
161 288 439 16 0 1925 10 0 33
162 284 319 17 0 1925 10 0 33
163 494 165 19 0 1925 10 0 33
164 441 7 20 102 712 10 0 33
165 450 194 27 335 945 0 0 33
166 213 185 21 0 384 10 0 33
167 257 391 -140 1343 1925 10 1 33
168 144 35 26 0 549 10 0 34
169 16 287 -26 0 1925 10 1 34
170 115 395 11 525 1135 10 0 35
171 90 477 18 0 587 10 0 35
172 10 237 19 326 936 10 0 35
173 224 56 -48 896 1506 10 1 35
174 292 104 26 14 624 10 0 36
175 343 205 26 477 1087 10 0 36
176 224 56 13 896 1506 10 0 36
177 364 173 30 0 500 10 0 36
178 351 5 12 206 816 10 0 36
179 185 434 9 0 1925 10 0 36
180 200 78 31 703 1313 10 0 36
181 313 391 -147 0 1925 10 1 36
182 217 333 26 121 731 10 0 37
183 175 239 23 0 385 10 0 37
184 210 379 12 419 1029 10 0 37
185 161 276 8 0 453 10 0 37
186 360 294 9 0 1925 10 0 37
187 103 464 22 983 1593 10 0 37
188 268 351 -100 0 1925 10 1 37
189 332 459 35 79 689 10 0 38
190 222 331 10 250 860 10 0 38
191 197 202 29 914 1524 10 0 38
192 318 280 -74 0 1925 10 1 38
193 447 272 12 94 704 10 0 39
194 168 109 10 0 1925 10 0 39
195 423 221 9 0 1925 10 0 39
196 421 386 29 534 1144 10 0 39
197 364 71 -60 0 1925 10 1 39
198 100 266 5 180 790 10 0 40
199 235 288 18 0 350 10 0 40
200 385 239 21 496 1106 10 0 40
201 69 414 6 973 1583 10 0 40
202 84 255 13 0 602 10 0 40
203 368 311 14 636 1246 10 0 40
204 229 322 -77 0 1925 10 1 40
