15 200
0 250 250 0 0 1925 0 -1 -1
0 306 235 25 0 387 10 0 0
1 360 284 19 367 997 10 0 0
2 435 180 37 0 555 10 0 0
3 400 71 -81 1072 1702 10 1 0
4 330 138 18 810 1440 0 0 1
5 355 174 33 415 1045 10 0 1
6 198 85 28 0 593 10 0 1
7 228 260 12 1306 1925 0 0 1
8 270 337 -91 1483 1925 10 1 1
9 498 457 15 613 1243 0 0 2
10 199 203 -15 1157 1787 10 1 2
11 210 219 7 0 380 10 0 3
12 325 311 -7 1022 1652 10 1 3
13 441 7 20 92 722 10 0 4
14 325 56 13 496 1126 10 0 4
15 436 123 40 0 555 10 0 4
16 337 41 8 702 1332 10 0 4
17 172 66 -81 1003 1633 10 1 4
18 235 13 27 59 689 10 0 5
19 303 78 12 0 509 10 0 5
20 289 220 19 0 379 10 0 5
21 69 423 32 502 1132 10 0 5
22 231 29 14 926 1556 10 0 5
23 347 192 18 1188 1818 10 0 5
24 272 234 -122 1290 1920 10 1 5
25 5 445 30 13 643 10 0 6
26 411 396 23 620 1250 10 0 6
27 235 288 18 0 370 10 0 6
28 228 287 21 0 373 10 0 6
29 181 441 25 242 872 10 0 6
30 195 450 16 1186 1816 0 0 6
31 322 406 17 529 1159 10 0 6
32 257 391 -150 1333 1925 10 1 6
33 24 71 11 46 676 10 0 7
34 368 311 14 626 1256 10 0 7
35 144 35 26 0 569 10 0 7
36 370 262 15 799 1429 0 0 7
37 178 150 33 332 962 10 0 7
38 224 320 36 984 1614 10 0 7
39 214 274 -135 1069 1699 10 1 7
