15 200
0 250 250 0 0 1925 0 -1 -1
0 382 360 26 0 498 10 0 0
1 448 414 23 933 1543 10 0 0
2 110 251 23 208 818 10 0 0
3 485 428 -72 1200 1810 10 1 0
4 306 235 25 0 367 10 0 1
5 5 224 19 765 1375 10 0 1
6 142 80 12 202 812 10 0 1
7 235 13 27 69 679 10 0 1
8 66 88 2 540 1150 10 0 1
9 12 358 -85 934 1544 10 1 1
10 441 7 20 102 712 10 0 2
11 62 94 -20 661 1271 10 1 2
12 468 360 16 0 594 10 0 3
13 355 174 33 425 1035 10 0 3
14 337 41 8 712 1322 10 0 3
15 447 272 12 94 704 10 0 3
16 247 306 33 0 366 10 0 3
17 228 260 -102 1316 1925 10 1 3
18 46 389 22 0 577 10 0 4
19 178 135 -22 1224 1834 10 1 4
20 154 374 36 647 1257 10 0 5
21 59 388 20 373 983 10 0 5
22 303 78 12 0 489 10 0 5
23 40 304 16 855 1465 10 0 5
24 374 260 -84 1481 1925 10 1 5
25 289 220 19 0 359 10 0 6
26 400 71 17 1082 1692 0 0 6
27 253 50 27 0 546 10 0 6
28 68 240 11 504 1114 10 0 6
29 330 138 18 820 1430 0 0 6
30 87 51 35 224 834 10 0 6
31 351 128 15 963 1573 10 0 6
32 226 175 -142 1404 1925 10 1 6
33 10 237 19 326 936 10 0 7
34 0 356 13 796 1406 10 0 7
35 28 467 -32 1053 1663 10 1 7
