15 200
0 250 250 0 0 1925 0 -1 -1
0 339 41 6 156 786 10 0 0
1 458 213 22 828 1458 10 0 0
2 292 104 26 4 634 0 0 0
3 199 203 -54 1157 1787 10 1 0
4 366 334 5 110 740 10 0 1
5 318 99 35 913 1543 10 0 1
6 32 94 14 630 1260 10 0 1
7 423 221 9 0 588 10 0 1
8 371 427 23 0 1925 10 0 1
9 222 331 10 240 870 10 0 1
10 293 174 31 0 417 10 0 1
11 409 255 -127 0 1925 10 1 1
12 224 56 13 886 1516 10 0 2
13 13 314 14 0 575 10 0 2
14 15 11 15 652 1282 10 0 2
15 125 65 17 488 1118 10 0 2
16 400 71 17 1072 1702 10 0 2
17 153 235 10 0 428 10 0 2
18 112 433 29 0 1925 10 0 2
19 285 247 -115 0 1925 10 1 2
20 432 2 20 0 1908 10 0 3
21 84 255 13 0 612 10 0 3
22 325 210 15 633 1263 10 0 3
23 57 183 15 0 1925 0 0 3
24 235 33 30 1037 1667 10 0 3
25 219 215 -93 0 1925 10 1 3
26 332 459 35 69 699 10 0 4
27 162 306 22 0 449 10 0 4
28 448 397 33 566 1196 0 0 4
29 322 290 23 0 1925 10 0 4
30 373 418 -113 959 1589 10 1 4
31 351 5 12 196 826 10 0 5
32 120 17 30 0 609 10 0 5
33 200 78 31 693 1323 10 0 5
34 92 76 4 839 1469 10 0 5
35 48 150 15 0 1925 10 0 5
36 411 379 25 0 1925 10 0 5
37 392 1 11 305 935 0 0 5
38 360 284 -128 0 1925 10 1 5
