15 200
0 250 250 0 0 1925 0 -1 -1
0 330 308 24 880 1490 0 0 0
1 120 17 30 0 599 10 0 0
2 210 219 7 0 360 10 0 0
3 396 83 -61 1296 1906 10 1 0
4 153 235 10 0 408 10 0 1
5 244 277 18 1011 1621 0 0 1
6 440 284 25 562 1172 10 0 1
7 48 150 -53 0 1925 10 1 1
8 222 331 10 250 860 10 0 2
9 9 233 31 16 626 0 0 2
10 265 240 9 0 328 10 0 2
11 398 476 25 0 1925 10 0 2
12 103 464 22 983 1593 10 0 2
13 39 153 26 508 1118 10 0 2
14 346 354 -123 0 1925 10 1 2
15 181 441 25 252 862 10 0 3
16 16 68 11 0 1919 10 0 3
17 40 304 16 855 1465 10 0 3
18 65 343 38 0 527 10 0 3
19 110 122 14 1219 1829 10 0 3
20 124 448 6 79 689 10 0 3
21 187 263 35 0 374 10 0 3
22 226 175 -145 1404 1925 10 1 3
23 385 17 40 519 1129 10 0 4
24 169 305 21 0 482 10 0 4
25 495 227 20 0 1925 10 0 4
26 191 215 17 0 378 10 0 4
27 84 255 13 0 602 10 0 4
28 157 38 3 758 1368 10 0 4
29 224 56 13 896 1506 10 0 4
30 213 283 -127 0 1925 10 1 4
31 142 14 18 545 1155 0 0 5
32 404 140 -18 969 1579 10 1 5
33 13 314 14 0 564 10 0 6
34 265 0 10 0 1925 10 0 6
35 1 101 -24 967 1577 10 1 6
