15 200
0 250 250 0 0 1925 0 -1 -1
0 29 358 23 321 931 10 0 0
1 245 176 20 0 1925 10 0 0
2 94 192 1 790 1400 10 0 0
3 307 249 -44 1087 1697 10 1 0
4 415 253 21 77 687 10 0 1
5 432 199 7 0 1925 10 0 1
6 48 412 7 742 1352 10 0 1
7 153 235 10 0 408 10 0 1
8 60 246 25 0 1925 10 0 1
9 460 117 14 230 840 10 0 1
10 110 122 14 0 1925 10 0 1
11 289 220 -98 0 1925 10 1 1
12 332 459 35 79 689 10 0 2
13 12 367 -35 0 1925 10 1 2
14 125 65 17 498 1108 10 0 3
15 56 268 28 774 1384 10 0 3
16 72 477 46 0 598 10 0 3
17 440 77 14 0 1925 10 0 3
18 215 79 5 0 1925 0 0 3
19 30 155 9 0 1925 10 0 3
20 89 185 16 310 920 10 0 3
21 330 138 -135 0 1925 10 1 3
22 197 202 29 914 1524 0 0 4
23 382 360 26 0 498 10 0 4
24 51 286 -55 1169 1779 10 1 4
25 175 239 23 0 385 10 0 5
26 62 375 16 59 669 10 0 5
27 87 51 35 0 1925 10 0 5
28 92 76 4 849 1459 10 0 5
29 212 186 11 1432 1925 0 0 5
30 206 172 29 498 1108 10 0 5
31 177 404 17 0 1925 10 0 5
32 214 274 -135 0 1925 10 1 5
33 0 422 8 531 1141 0 0 6
34 366 334 5 120 730 10 0 6
35 69 414 6 973 1583 10 0 6
36 191 215 17 0 378 10 0 6
37 411 379 -36 0 1925 10 1 6
