30 200
0 250 250 0 0 1925 0 -1 -1
1 35 263 27 120 450 10 0 0
2 71 282 29 492 822 10 0 0
3 472 57 -56 1145 1475 10 1 0
4 232 341 10 390 720 10 0 1
5 253 418 -10 1284 1614 10 1 1
6 143 158 12 0 321 10 0 2
7 341 59 -12 640 970 10 1 2
8 29 358 23 461 791 10 0 3
9 268 288 26 1117 1447 0 0 3
10 65 343 38 57 387 10 0 3
11 336 493 -87 1343 1673 10 1 3
12 186 209 28 0 269 10 0 4
13 414 69 -28 763 1093 10 1 4
14 72 385 16 199 529 10 0 5
15 335 220 15 783 1113 10 0 5
16 410 81 17 1222 1552 10 0 5
17 127 120 -48 0 1872 10 1 5
18 323 29 7 987 1317 10 0 6
19 366 260 -7 1370 1700 10 1 6
20 185 249 23 0 255 10 0 7
21 470 127 14 370 700 10 0 7
22 102 86 4 989 1319 10 0 7
23 187 496 -41 0 1818 10 1 7
24 382 360 26 28 358 10 0 8
25 485 428 -26 1340 1670 10 1 8
26 195 444 9 0 1870 10 0 9
27 191 451 -9 392 722 10 1 9
28 435 180 37 75 405 10 0 10
29 306 235 25 0 237 10 0 10
30 415 207 -62 750 1080 10 1 10
31 25 21 15 802 1132 10 0 11
32 147 387 23 19 349 10 0 11
33 258 224 -38 1329 1659 10 1 11
34 163 245 10 0 278 10 0 12
35 208 95 -10 113 443 10 1 12
36 112 432 23 76 406 10 0 13
37 473 263 -23 897 1227 10 1 13
38 355 174 33 565 895 10 0 14
39 228 260 12 1456 1786 0 0 14
40 441 7 20 242 572 10 0 14
41 274 261 -65 1557 1887 10 1 14
42 15 455 30 163 493 10 0 15
43 458 407 33 716 1046 0 0 15
44 75 353 38 57 387 10 0 15
45 221 456 -101 973 1303 10 1 15
46 94 265 13 132 462 10 0 16
47 423 503 26 1068 1398 10 0 16
48 245 298 18 0 220 10 0 16
49 267 401 -57 1483 1813 10 1 16
50 303 78 12 29 359 10 0 17
51 172 66 -12 1153 1483 10 1 17
52 231 29 14 1076 1406 10 0 18
53 235 33 -14 1187 1517 10 1 18
54 235 13 27 209 539 10 0 19
55 178 135 -27 1364 1694 10 1 19
56 9 233 31 156 486 10 0 20
57 130 247 17 0 300 10 0 20
58 64 5 -48 979 1309 10 1 20
59 191 215 17 0 248 10 0 21
60 309 29 11 1144 1474 0 0 21
61 400 71 -28 1222 1552 10 1 21
62 394 47 5 163 493 10 0 22
63 442 153 -5 1039 1369 10 1 22
64 247 306 33 0 236 10 0 23
65 332 382 -33 860 1190 10 1 23
66 135 75 17 638 968 10 0 24
67 178 119 10 54 384 10 0 24
68 392 120 -27 962 1292 10 1 24
69 215 293 13 0 235 10 0 25
70 352 481 15 1135 1465 10 0 25
71 171 303 -28 1439 1769 10 1 25
72 248 386 22 228 558 10 0 26
73 360 294 -22 1268 1598 10 1 26
74 43 278 18 546 876 10 0 27
75 105 392 19 0 1862 10 0 27
76 383 428 -37 1109 1439 10 1 27
77 391 338 12 0 1913 10 0 28
78 313 88 12 29 359 10 0 28
79 343 303 -24 467 797 10 1 28
80 38 190 23 135 465 10 0 29
81 235 288 18 0 220 10 0 29
82 475 267 7 630 960 10 0 29
83 285 247 -48 1125 1455 10 1 29
84 385 17 40 659 989 10 0 30
85 34 239 16 69 399 10 0 30
86 87 51 35 364 694 10 0 30
87 441 177 -91 851 1181 10 1 30
88 392 19 30 124 454 10 0 31
89 395 249 21 636 966 10 0 31
90 113 474 -51 1123 1453 10 1 31
91 130 27 30 129 459 10 0 32
92 69 398 -30 513 843 10 1 32
93 234 66 13 1036 1366 10 0 33
94 446 133 40 0 1840 10 0 33
95 172 316 22 0 299 10 0 33
96 167 279 -75 1426 1756 10 1 33
97 299 230 19 0 229 10 0 34
98 316 239 -19 1170 1500 10 1 34
99 138 123 22 213 543 10 0 35
100 160 78 23 0 1858 10 0 35
101 332 300 23 0 1925 10 0 35
102 92 193 -68 952 1282 10 1 35
103 236 433 15 47 377 10 0 36
104 421 389 25 0 1859 10 0 36
105 376 270 -40 1370 1700 10 1 36
106 154 45 26 89 419 10 0 37
107 335 321 22 1172 1502 0 0 37
108 386 123 -48 0 1879 10 1 37
109 34 329 2 893 1223 10 0 38
110 71 12 2 147 477 10 0 38
111 158 179 37 0 296 10 0 38
112 268 351 -41 1525 1855 10 1 38
113 445 190 37 75 405 10 0 39
114 451 187 23 851 1181 0 0 39
115 250 265 -60 1461 1791 10 1 39
116 382 107 13 64 394 10 0 40
117 361 15 12 346 676 10 0 40
118 403 108 -25 603 933 10 1 40
119 15 11 15 802 1132 10 0 41
120 226 423 15 47 377 10 0 41
121 104 28 -30 1323 1653 10 1 41
122 316 245 25 0 237 10 0 42
123 241 39 14 1076 1406 0 0 42
124 361 158 30 311 641 10 0 42
125 227 217 -69 1232 1562 10 1 42
126 302 114 26 154 484 0 0 43
127 185 362 -26 0 1925 10 1 43
128 5 445 30 163 493 10 0 44
129 1 101 8 1107 1437 10 0 44
130 2 264 40 505 835 10 0 44
131 134 194 -78 1502 1832 10 1 44
132 425 263 21 217 547 10 0 45
133 185 432 -21 1296 1626 10 1 45
134 466 149 16 1036 1366 10 0 46
135 139 438 24 68 398 10 0 46
136 199 203 -40 1307 1637 10 1 46
137 349 51 6 306 636 10 0 47
138 468 223 22 978 1308 10 0 47
139 347 242 -28 1421 1751 10 1 47
140 257 316 33 0 236 10 0 48
141 81 314 -33 539 869 10 1 48
142 376 385 12 34 364 10 0 49
143 206 172 29 638 968 10 0 49
144 325 311 -41 1172 1502 10 1 49
145 22 377 27 176 506 10 0 50
146 421 406 23 770 1100 10 0 50
147 23 324 14 95 425 10 0 50
148 172 311 -64 1463 1793 10 1 50
149 162 306 22 0 299 10 0 51
150 149 214 7 332 662 10 0 51
151 64 294 12 951 1281 10 0 51
152 12 358 -41 1074 1404 10 1 51
153 347 51 8 852 1182 10 0 52
154 297 266 18 0 217 10 0 52
155 225 292 21 1290 1620 10 0 52
156 443 329 -47 0 1870 10 1 52
157 181 441 25 392 722 10 0 53
158 105 181 19 1381 1711 0 0 53
159 176 199 28 0 269 10 0 53
160 226 175 -72 1544 1874 10 1 53
161 210 88 31 843 1173 10 0 54
162 376 344 5 260 590 10 0 54
163 233 188 -36 986 1316 10 1 54
164 402 11 11 455 785 0 0 55
165 307 141 -11 1015 1345 10 1 55
166 99 195 16 450 780 10 0 56
167 375 38 9 118 448 10 0 56
168 284 413 -25 737 1067 10 1 56
169 337 41 8 852 1182 10 0 57
170 330 371 1 409 739 10 0 57
171 240 240 -9 1550 1880 10 1 57
172 144 35 26 89 419 10 0 58
173 30 155 -26 1130 1460 10 1 58
174 330 138 18 960 1290 0 0 59
175 299 353 34 0 294 10 0 59
176 222 331 10 390 720 10 0 59
177 337 232 -62 1421 1751 10 1 59
178 436 295 11 378 708 10 0 60
179 289 220 19 0 229 10 0 60
180 466 96 -30 1233 1563 10 1 60
181 288 439 16 123 453 10 0 61
182 482 141 -16 861 1191 10 1 61
183 198 85 28 113 443 10 0 62
184 125 61 -28 462 792 10 1 62
185 342 469 35 219 549 10 0 63
186 444 369 -35 1242 1572 10 1 63
187 210 219 7 0 230 10 0 64
188 214 274 -7 1219 1549 10 1 64
189 404 59 13 763 1093 10 0 65
190 423 315 12 34 364 10 0 65
191 495 355 -25 1093 1423 10 1 65
192 29 283 25 867 1197 10 0 66
193 344 491 32 180 510 10 0 66
194 392 370 26 28 358 10 0 66
195 369 256 -83 0 1925 10 1 66
196 255 487 19 248 578 10 0 67
197 223 178 20 986 1316 10 0 67
198 385 239 21 636 966 10 0 67
199 272 234 -60 1440 1770 10 1 67
200 261 359 10 0 289 10 0 68
201 328 458 -10 618 948 10 1 68
