15 200
0 250 250 0 0 1925 0 -1 -1
0 306 235 25 0 237 10 0 0
1 198 85 28 113 443 10 0 0
2 285 247 -53 1125 1455 10 1 0
3 435 180 37 75 405 10 0 1
4 355 174 33 565 895 10 0 1
5 199 203 -70 1307 1637 10 1 1
6 5 445 30 163 493 10 0 2
7 337 41 8 852 1182 10 0 2
8 195 464 -38 1391 1721 10 1 2
9 158 179 37 0 296 10 0 3
10 437 98 16 964 1294 10 0 3
11 400 71 -53 1222 1552 10 1 3
12 360 284 19 517 847 10 0 4
13 1 101 8 1107 1437 10 0 4
14 441 7 20 242 572 10 0 4
15 87 3 -47 1283 1613 10 1 4
16 228 260 12 1456 1786 0 0 5
17 235 13 27 209 539 10 0 5
18 190 267 -39 1604 1925 10 1 5
19 303 78 12 29 359 10 0 6
20 349 43 26 79 409 10 0 6
21 487 446 -38 1190 1520 10 1 6
22 187 61 19 395 725 10 0 7
23 385 17 40 659 989 10 0 7
24 382 360 26 28 358 10 0 7
25 172 66 -85 1153 1483 10 1 7
26 235 288 18 0 220 10 0 8
27 226 423 15 47 377 10 0 8
28 15 11 15 802 1132 10 0 8
29 38 15 -48 941 1271 10 1 8
30 144 35 26 89 419 10 0 9
31 176 199 28 0 269 10 0 9
32 231 29 14 1076 1406 10 0 9
33 178 135 -68 1364 1694 10 1 9
34 210 219 7 0 230 10 0 10
35 396 417 -7 660 990 10 1 10
