30 200
0 250 250 0 0 1925 0 -1 -1
1 350 301 22 330 640 10 0 0
2 323 401 -22 0 1911 10 1 0
3 163 245 10 0 258 10 0 1
4 191 451 25 402 712 10 0 1
5 63 214 8 915 1225 10 0 1
6 11 111 -43 1117 1427 10 1 1
7 109 56 27 89 399 10 0 2
8 39 153 26 658 968 10 0 2
9 263 153 12 272 582 10 0 2
10 306 229 -65 1180 1490 10 1 2
11 435 180 37 85 395 10 0 3
12 495 355 -37 1103 1413 10 1 3
13 299 353 34 0 274 10 0 4
14 492 34 5 671 981 10 0 4
15 214 274 -39 1229 1539 10 1 4
16 210 88 31 853 1163 10 0 5
17 333 39 -31 997 1307 10 1 5
18 235 379 38 0 281 10 0 6
19 172 311 -38 1473 1783 10 1 6
20 186 209 28 0 249 10 0 7
21 189 85 13 600 910 10 0 7
22 94 265 13 142 452 10 0 7
23 222 57 -54 661 971 10 1 7
24 441 7 20 252 562 10 0 8
25 235 288 18 0 200 10 0 8
26 392 1 11 465 775 10 0 8
27 60 5 -49 904 1214 10 1 8
28 394 159 18 1057 1367 0 0 9
29 361 15 12 356 666 10 0 9
30 495 438 -30 1350 1660 10 1 9
31 142 80 12 352 662 10 0 10
32 438 127 -12 801 1111 10 1 10
33 395 27 40 669 979 10 0 11
34 258 396 22 238 548 10 0 11
35 498 183 -62 1070 1380 10 1 11
36 306 235 25 0 217 10 0 12
37 253 74 20 1210 1520 0 0 12
38 178 135 -45 1374 1684 10 1 12
39 212 401 30 0 1917 10 0 13
40 389 496 22 532 842 10 0 13
41 328 109 -52 1073 1383 10 1 13
42 226 423 15 57 367 10 0 14
43 330 138 18 970 1280 0 0 14
44 337 41 8 862 1172 10 0 14
45 285 247 -41 1135 1445 10 1 14
46 394 47 5 173 483 10 0 15
47 210 219 7 0 210 10 0 15
48 172 66 -12 1163 1473 10 1 15
49 410 81 17 1232 1542 10 0 16
50 23 324 14 104 414 10 0 16
51 236 185 -31 1554 1864 10 1 16
52 376 92 10 851 1161 10 0 17
53 153 235 10 0 258 10 0 17
54 68 303 22 81 391 10 0 17
55 231 29 -42 1086 1396 10 1 17
56 404 57 5 173 483 10 0 18
57 378 321 14 786 1096 10 0 18
58 340 318 24 1030 1340 0 0 18
59 53 370 -43 0 1831 10 1 18
60 174 342 19 1140 1450 0 0 19
61 152 90 -19 0 1864 10 1 19
62 66 88 2 690 1000 10 0 20
63 158 179 37 0 276 10 0 20
64 82 183 -39 962 1272 10 1 20
65 382 360 26 38 348 10 0 21
66 470 417 11 597 907 10 0 21
67 448 414 23 1083 1393 10 0 21
68 228 260 -60 1466 1776 10 1 21
69 451 17 20 252 562 10 0 22
70 58 422 -20 892 1202 10 1 22
71 457 282 12 244 554 10 0 23
72 185 249 23 0 235 10 0 23
73 448 137 -35 801 1111 10 1 23
74 19 243 31 166 476 0 0 24
75 330 221 16 853 1163 0 0 24
76 207 212 29 1064 1374 10 0 24
77 220 91 -76 0 1892 10 1 24
78 329 456 19 109 419 10 0 25
79 241 180 13 1555 1865 0 0 25
80 241 180 -32 1555 1865 10 1 25
81 261 359 10 0 269 10 0 26
82 159 299 12 876 1186 10 0 26
83 103 464 -22 1133 1443 10 1 26
84 179 75 13 600 910 10 0 27
85 143 158 12 0 308 10 0 27
86 242 106 -25 1128 1438 10 1 27
87 498 13 3 261 571 10 0 28
88 198 129 44 835 1145 10 0 28
89 102 86 -47 999 1309 10 1 28
90 179 315 21 22 332 10 0 29
91 256 417 12 172 482 10 0 29
92 150 118 -33 931 1241 10 1 29
93 169 305 21 22 332 10 0 30
94 401 164 13 481 791 10 0 30
95 482 141 -34 871 1181 10 1 30
96 254 287 18 1161 1471 0 0 31
97 258 224 -18 1339 1649 10 1 31
98 235 13 27 219 529 10 0 32
99 415 207 -27 760 1070 10 1 32
100 288 439 16 133 443 10 0 33
101 399 175 13 607 917 10 0 33
102 247 306 33 0 216 10 0 33
103 274 261 -62 1567 1877 10 1 33
104 135 75 17 648 958 10 0 34
105 439 486 -17 0 1777 10 1 34
106 110 251 23 358 668 10 0 35
107 244 277 18 1161 1471 0 0 35
108 181 185 -41 1474 1784 10 1 35
109 63 476 9 195 505 10 0 36
110 75 353 38 67 377 10 0 36
111 396 235 -47 779 1089 10 1 36
112 176 199 28 0 249 10 0 37
113 461 182 -28 489 799 10 1 37
114 34 81 11 206 516 10 0 38
115 245 298 18 0 200 10 0 38
116 362 251 -29 652 962 10 1 38
117 181 260 23 0 229 10 0 39
118 181 441 25 402 712 10 0 39
119 274 403 -48 747 1057 10 1 39
120 149 458 13 1024 1334 10 0 40
121 248 214 -13 1339 1649 10 1 40
122 113 474 22 1133 1443 10 0 41
123 143 283 20 0 279 10 0 41
124 99 75 16 580 890 10 0 41
125 122 443 -58 0 1836 10 1 41
126 376 344 5 270 580 10 0 42
127 260 338 24 109 419 10 0 42
128 75 72 15 0 1802 10 0 42
129 414 150 -44 1119 1429 10 1 42
130 232 341 10 400 710 10 0 43
131 233 188 -10 996 1306 10 1 43
132 382 125 13 224 534 10 0 44
133 303 184 31 0 247 10 0 44
134 392 120 -44 972 1282 10 1 44
135 253 50 27 86 396 10 0 45
136 0 356 13 946 1256 10 0 45
137 209 212 -40 1388 1698 10 1 45
138 191 215 17 0 228 10 0 46
139 379 486 -17 532 842 10 1 46
140 396 417 13 670 980 10 0 47
141 51 286 -13 1319 1629 10 1 47
142 162 486 45 383 693 10 0 48
143 104 202 -45 940 1250 10 1 48
144 195 386 13 0 306 10 0 49
145 21 70 -13 631 941 10 1 49
146 451 384 10 83 393 10 0 50
147 395 249 21 646 956 10 0 50
148 124 470 14 0 1815 10 0 50
149 101 336 -45 0 1889 10 1 50
150 489 397 13 257 567 10 0 51
151 257 316 33 0 216 10 0 51
152 50 288 10 964 1274 10 0 51
153 238 270 -56 1466 1776 10 1 51
154 364 166 20 692 1002 10 0 52
155 335 220 -20 793 1103 10 1 52
156 299 230 19 0 209 10 0 53
157 209 213 20 1317 1627 10 0 53
158 250 265 -39 1471 1781 10 1 53
159 371 163 21 688 998 0 0 54
160 303 78 12 29 339 10 0 54
161 355 174 33 575 885 10 0 54
162 225 269 -66 1131 1441 10 1 54
163 5 445 30 171 481 10 0 55
164 400 71 17 1232 1542 0 0 55
165 396 83 -47 1446 1756 10 1 55
166 489 159 29 1288 1598 10 0 56
167 323 29 7 997 1307 0 0 56
168 385 58 24 265 575 10 0 56
169 226 175 -60 1554 1864 10 1 56
170 182 324 9 405 715 10 0 57
171 178 119 10 64 374 10 0 57
172 56 258 -19 674 984 10 1 57
173 342 469 35 229 539 10 0 58
174 468 223 -35 988 1298 10 1 58
175 59 388 20 523 833 10 0 59
176 409 255 -20 1382 1692 10 1 59
177 220 229 7 0 210 10 0 60
178 370 294 -7 0 1925 10 1 60
179 216 182 29 648 958 10 0 61
180 97 13 -29 0 1770 10 1 61
181 5 224 19 915 1225 10 0 62
182 33 286 -19 1406 1716 10 1 62
183 471 368 19 288 598 10 0 63
184 490 286 -19 382 692 10 1 63
185 198 85 28 123 433 10 0 64
186 98 2 14 452 762 10 0 64
187 12 358 -42 1084 1394 10 1 64
188 255 52 24 407 717 10 0 65
189 277 184 34 1478 1788 10 0 65
190 130 27 30 139 449 10 0 65
191 235 279 -88 0 1925 10 1 65
192 302 114 26 164 474 10 0 66
193 234 66 13 1046 1356 10 0 66
194 152 24 18 695 1005 0 0 66
195 406 93 -57 1446 1756 10 1 66
196 371 423 10 61 371 0 0 67
197 268 288 -10 1127 1437 10 1 67
198 50 383 20 120 430 10 0 68
199 23 235 43 883 1193 0 0 68
200 34 169 11 344 654 0 0 68
201 402 277 -74 1298 1608 10 1 68
202 144 35 26 89 399 10 0 69
203 154 374 36 797 1107 10 0 69
204 452 484 26 1138 1448 0 0 69
205 485 428 -88 1350 1660 10 1 69
