15 200
0 250 250 0 0 1925 0 -1 -1
0 74 215 10 89 399 10 0 0
1 389 43 21 0 1816 10 0 0
2 94 192 1 940 1250 10 0 0
3 251 238 -32 0 1925 10 1 0
4 415 253 21 227 537 10 0 1
5 131 246 -21 692 1002 10 1 1
6 371 71 21 0 1849 10 0 2
7 332 459 35 229 539 10 0 2
8 440 284 25 712 1022 10 0 2
9 405 454 -81 0 1809 10 1 2
10 125 65 17 648 958 10 0 3
11 34 169 11 344 654 10 0 3
12 26 221 -28 856 1166 10 1 3
13 110 122 14 0 1876 10 0 4
14 197 202 29 1064 1374 0 0 4
15 153 235 10 0 258 10 0 4
16 51 286 -53 1319 1629 10 1 4
17 366 334 5 270 580 10 0 5
18 175 239 23 0 235 10 0 5
19 200 78 31 0 1886 10 0 5
20 27 464 -59 0 1756 10 1 5
21 303 78 12 29 339 10 0 6
22 426 38 23 469 779 10 0 6
23 339 41 6 316 626 10 0 6
24 331 356 -41 0 1925 10 1 6
25 62 375 16 209 519 10 0 7
26 102 6 -16 1318 1628 10 1 7
27 144 35 26 89 399 10 0 8
28 80 117 24 684 994 10 0 8
29 92 76 4 999 1309 10 0 8
30 241 38 -54 0 1853 10 1 8
31 460 117 14 380 690 10 0 9
32 495 83 32 0 1769 10 0 9
33 214 245 8 0 196 10 0 9
34 68 303 -54 0 1876 10 1 9
