15 200
0 250 250 0 0 1925 0 -1 -1
0 382 360 26 38 348 10 0 0
1 371 163 -26 688 998 10 1 0
2 441 7 20 252 562 10 0 1
3 154 374 36 797 1107 10 0 1
4 12 358 -56 1084 1394 10 1 1
5 423 221 9 118 428 0 0 2
6 332 5 14 893 1203 10 0 2
7 87 3 -23 1293 1603 10 1 2
8 396 417 13 670 980 10 0 3
9 495 355 -13 1103 1413 10 1 3
10 187 61 19 405 715 10 0 4
11 142 80 12 352 662 10 0 4
12 62 94 -31 811 1121 10 1 4
13 175 239 23 0 235 10 0 5
14 355 174 33 575 885 10 0 5
15 225 269 -56 1131 1441 10 1 5
16 489 274 31 394 704 10 0 6
17 485 428 -31 1350 1660 10 1 6
18 337 41 8 862 1172 10 0 7
19 172 66 -8 1163 1473 10 1 7
20 408 318 15 503 813 0 0 8
21 114 460 -15 946 1256 10 1 8
22 468 352 9 628 938 10 0 9
23 195 273 22 0 219 10 0 9
24 420 383 -31 842 1152 10 1 9
25 235 13 27 219 529 10 0 10
26 303 78 12 29 339 10 0 10
27 89 65 16 580 890 10 0 10
28 214 274 -55 1229 1539 10 1 10
29 38 15 3 951 1261 10 0 11
30 86 199 23 138 448 10 0 11
31 240 240 -26 1560 1870 10 1 11
32 306 235 25 0 217 10 0 12
33 443 167 17 403 713 10 0 12
34 87 3 13 1293 1603 0 0 12
35 241 180 -55 1555 1865 10 1 12
