15 200
0 250 250 0 0 1925 0 -1 -1
0 394 47 5 173 483 10 0 0
1 46 248 -5 674 984 10 1 0
2 147 30 26 969 1279 0 0 1
3 414 378 23 355 665 10 0 1
4 289 220 19 0 209 10 0 1
5 162 301 -68 1473 1783 10 1 1
6 447 272 12 244 554 10 0 2
7 111 392 18 0 1867 10 0 2
8 210 219 7 0 210 10 0 2
9 244 277 -37 1161 1471 10 1 2
10 222 331 10 400 710 10 0 3
11 162 306 22 0 289 10 0 3
12 432 66 -32 931 1241 10 1 3
13 77 372 19 61 371 10 0 4
14 15 11 -19 812 1122 10 1 4
15 181 441 25 402 712 10 0 5
16 404 140 -25 1119 1429 10 1 5
17 65 343 38 67 377 10 0 6
18 188 119 44 835 1145 10 0 6
19 317 45 8 0 1850 0 0 6
20 318 99 -90 1073 1383 10 1 6
21 217 333 26 271 581 10 0 7
22 48 437 4 664 974 10 0 7
23 1 101 -30 1117 1427 10 1 7
24 237 420 15 1194 1504 0 0 8
25 293 174 31 0 247 10 0 8
26 20 480 -46 0 1740 10 1 8
27 9 233 31 166 476 0 0 9
28 179 75 13 600 910 10 0 9
29 224 56 13 1046 1356 10 0 9
30 182 480 -57 0 1826 10 1 9
31 89 65 16 580 890 10 0 10
32 306 229 -16 1180 1490 10 1 10
33 168 109 10 64 374 10 0 11
34 385 17 40 669 979 10 0 11
35 323 34 -50 0 1837 10 1 11

