30 200
0 250 250 0 0 1925 0 -1 -1
1 15 455 30 171 481 10 0 0
2 410 81 17 1232 1542 0 0 0
3 406 93 -47 1446 1756 10 1 0
4 381 433 10 61 371 0 0 1
5 278 298 -10 1127 1437 10 1 1
6 102 422 23 76 406 10 0 2
7 463 253 -23 897 1227 10 1 2
8 224 56 13 1036 1366 10 0 3
9 436 123 40 0 1840 10 0 3
10 162 306 22 0 299 10 0 3
11 157 269 -75 1426 1756 10 1 3
12 119 66 27 89 399 10 0 4
13 49 163 26 658 968 10 0 4
14 273 163 12 272 582 10 0 4
15 316 239 -65 1180 1490 10 1 4
16 125 65 17 638 968 10 0 5
17 168 109 10 54 384 10 0 5
18 382 110 -27 962 1292 10 1 5
19 62 375 16 199 529 10 0 6
20 325 210 15 783 1113 10 0 6
21 400 71 17 1222 1552 10 0 6
22 117 110 -48 0 1872 10 1 6
23 69 398 20 523 833 10 0 7
24 419 265 -20 1382 1692 10 1 7
25 84 255 13 132 462 10 0 8
26 413 493 26 1068 1398 10 0 8
27 235 288 18 0 220 10 0 8
28 257 391 -57 1483 1813 10 1 8
29 386 102 10 851 1161 10 0 9
30 163 245 10 0 258 10 0 9
31 78 313 22 81 391 10 0 9
32 241 39 -42 1086 1396 10 1 9
33 226 423 15 47 377 10 0 10
34 411 379 25 0 1859 10 0 10
35 366 260 -40 1370 1700 10 1 10
36 120 17 30 129 459 10 0 11
37 59 388 -30 513 843 10 1 11
38 289 220 19 0 229 10 0 12
39 306 229 -19 1170 1500 10 1 12
40 208 95 28 123 433 10 0 13
41 108 12 14 452 762 10 0 13
42 22 368 -42 1084 1394 10 1 13
43 176 199 28 0 269 10 0 14
44 404 59 -28 763 1093 10 1 14
45 144 35 26 89 419 10 0 15
46 325 311 22 1172 1502 0 0 15
47 376 113 -48 0 1879 10 1 15
48 201 225 17 0 228 10 0 16
49 389 496 -17 532 842 10 1 16
50 451 17 20 252 562 10 0 17
51 245 298 18 0 200 10 0 17
52 402 11 11 465 775 10 0 17
53 70 15 -49 904 1214 10 1 17
54 404 57 5 173 483 10 0 18
55 220 229 7 0 210 10 0 18
56 182 76 -12 1163 1473 10 1 18
57 76 98 2 690 1000 10 0 19
58 168 189 37 0 276 10 0 19
59 92 193 -39 962 1272 10 1 19
60 381 328 12 0 1913 10 0 20
61 303 78 12 29 359 10 0 20
62 333 293 -24 467 797 10 1 20
63 445 190 37 85 395 10 0 21
64 505 365 -37 1103 1413 10 1 21
65 15 234 19 915 1225 10 0 22
66 43 296 -19 1406 1716 10 1 22
67 406 427 13 670 980 10 0 23
68 61 296 -13 1319 1629 10 1 23
69 15 11 15 802 1132 10 0 24
70 137 377 23 19 349 10 0 24
71 248 214 -38 1329 1659 10 1 24
72 200 78 31 843 1173 10 0 25
73 366 334 5 260 590 10 0 25
74 223 178 -36 986 1316 10 1 25
75 292 104 26 154 484 0 0 26
76 175 352 -26 0 1925 10 1 26
77 179 315 21 22 332 10 0 27
78 411 174 13 481 791 10 0 27
79 492 151 -34 871 1181 10 1 27
80 33 268 18 546 876 10 0 28
81 95 382 19 0 1862 10 0 28
82 373 418 -37 1109 1439 10 1 28
83 12 367 27 176 506 10 0 29
84 411 396 23 770 1100 10 0 29
85 13 314 14 95 425 10 0 29
86 162 301 -64 1463 1793 10 1 29
87 153 235 10 0 278 10 0 30
88 198 85 -10 113 443 10 1 30
89 339 466 19 109 419 10 0 31
90 251 190 13 1555 1865 0 0 31
91 251 190 -32 1555 1865 10 1 31
92 191 270 23 0 229 10 0 32
93 191 451 25 402 712 10 0 32
94 284 413 -48 747 1057 10 1 32
95 120 261 23 358 668 10 0 33
96 254 287 18 1161 1471 0 0 33
97 191 195 -41 1474 1784 10 1 33
98 154 45 26 89 399 10 0 34
99 164 384 36 797 1107 10 0 34
100 462 494 26 1138 1448 0 0 34
101 495 438 -88 1350 1660 10 1 34
102 189 85 13 600 910 10 0 35
103 153 168 12 0 308 10 0 35
104 252 116 -25 1128 1438 10 1 35
105 381 173 21 688 998 0 0 36
106 313 88 12 29 339 10 0 36
107 365 184 33 575 885 10 0 36
108 235 279 -66 1131 1441 10 1 36
109 263 60 27 86 396 10 0 37
110 10 366 13 946 1256 10 0 37
111 219 222 -40 1388 1698 10 1 37
112 185 434 9 0 1870 10 0 38
113 181 441 -9 392 722 10 1 38
114 435 180 37 75 405 10 0 39
115 441 177 23 851 1181 0 0 39
116 240 255 -60 1461 1791 10 1 39
117 382 9 30 124 454 10 0 40
118 385 239 21 636 966 10 0 40
119 103 464 -51 1123 1453 10 1 40
120 316 245 25 0 217 10 0 41
121 263 84 20 1210 1520 0 0 41
122 188 145 -45 1374 1684 10 1 41
123 186 209 28 0 249 10 0 42
124 471 192 -28 489 799 10 1 42
125 19 273 25 867 1197 10 0 43
126 334 481 32 180 510 10 0 43
127 382 360 26 28 358 10 0 43
128 359 246 -83 0 1925 10 1 43
129 332 459 35 219 549 10 0 44
130 434 359 -35 1242 1572 10 1 44
131 415 253 21 217 547 10 0 45
132 175 422 -21 1296 1626 10 1 45
133 205 396 13 0 306 10 0 46
134 31 80 -13 631 941 10 1 46
135 499 169 29 1288 1598 10 0 47
136 333 39 7 997 1307 0 0 47
137 395 68 24 265 575 10 0 47
138 236 185 -60 1554 1864 10 1 47
139 392 370 26 38 348 10 0 48
140 480 427 11 597 907 10 0 48
141 458 424 23 1083 1393 10 0 48
142 238 270 -60 1466 1776 10 1 48
143 271 369 10 0 269 10 0 49
144 169 309 12 876 1186 10 0 49
145 113 474 -22 1133 1443 10 1 49
146 339 41 6 306 636 10 0 50
147 458 213 22 978 1308 10 0 50
148 337 232 -28 1421 1751 10 1 50
149 337 41 8 852 1182 10 0 51
150 287 256 18 0 217 10 0 51
151 215 282 21 1290 1620 10 0 51
152 433 319 -47 0 1870 10 1 51
153 481 378 19 288 598 10 0 52
154 500 296 -19 382 692 10 1 52
155 245 23 27 219 529 10 0 53
156 425 217 -27 760 1070 10 1 53
157 306 235 25 0 237 10 0 54
158 231 29 14 1076 1406 0 0 54
159 351 148 30 311 641 10 0 54
160 217 207 -69 1232 1562 10 1 54
161 175 239 23 0 255 10 0 55
162 460 117 14 370 700 10 0 55
163 92 76 4 989 1319 10 0 55
164 177 486 -41 0 1818 10 1 55
165 60 393 20 120 430 10 0 56
166 33 245 43 883 1193 0 0 56
167 44 179 11 344 654 0 0 56
168 412 287 -74 1298 1608 10 1 56
169 128 113 22 213 543 10 0 57
170 150 68 23 0 1858 10 0 57
171 322 290 23 0 1925 10 0 57
172 82 183 -68 952 1282 10 1 57
173 222 331 10 390 720 10 0 58
174 243 408 -10 1284 1614 10 1 58
175 247 306 33 0 236 10 0 59
176 71 304 -33 539 869 10 1 59
177 89 185 16 450 780 10 0 60
178 365 28 9 118 448 10 0 60
179 274 403 -25 737 1067 10 1 60
180 298 449 16 133 443 10 0 61
181 409 185 13 607 917 10 0 61
182 257 316 33 0 216 10 0 61
183 284 271 -62 1567 1877 10 1 61
184 159 468 13 1024 1334 10 0 62
185 258 224 -13 1339 1649 10 1 62
186 392 1 11 455 785 0 0 63
187 297 131 -11 1015 1345 10 1 63
188 5 445 30 163 493 10 0 64
189 448 397 33 716 1046 0 0 64
190 65 343 38 57 387 10 0 64
191 211 446 -101 973 1303 10 1 64
192 309 363 34 0 274 10 0 65
193 502 44 5 671 981 10 0 65
194 224 284 -39 1229 1539 10 1 65
195 236 433 15 57 367 10 0 66
196 340 148 18 970 1280 0 0 66
197 347 51 8 862 1172 10 0 66
198 295 257 -41 1135 1445 10 1 66
199 152 90 12 352 662 10 0 67
200 448 137 -12 801 1111 10 1 67
201 372 97 13 64 394 10 0 68
202 351 5 12 346 676 10 0 68
203 393 98 -25 603 933 10 1 68
