30 200
0 250 250 0 0 1925 0 -1 -1
1 386 395 12 34 364 10 0 0
2 216 182 29 638 968 10 0 0
3 335 321 -41 1172 1502 10 1 0
4 414 69 13 763 1093 10 0 1
5 433 325 12 34 364 10 0 1
6 505 365 -25 1093 1423 10 1 1
7 90 477 18 127 437 10 0 2
8 437 98 -18 974 1284 10 1 2
9 48 412 7 892 1202 10 0 3
10 235 13 27 219 529 10 0 3
11 157 269 -34 1436 1746 10 1 3
12 241 39 14 1076 1406 10 0 4
13 245 43 -14 1187 1517 10 1 4
14 298 449 16 123 453 10 0 5
15 492 151 -16 861 1191 10 1 5
16 159 226 16 0 254 10 0 6
17 365 119 30 242 552 10 0 6
18 16 287 -46 0 1829 10 1 6
19 445 190 37 75 405 10 0 7
20 316 245 25 0 237 10 0 7
21 425 217 -62 750 1080 10 1 7
22 15 455 30 163 493 10 0 8
23 11 111 8 1107 1437 10 0 8
24 12 274 40 505 835 10 0 8
25 144 204 -78 1502 1832 10 1 8
26 215 293 13 0 215 10 0 9
27 88 484 5 0 1781 10 0 9
28 348 348 -18 795 1105 10 1 9
29 404 57 5 163 493 10 0 10
30 452 163 -5 1039 1369 10 1 10
31 44 339 2 893 1223 10 0 11
32 81 22 2 147 477 10 0 11
33 168 189 37 0 296 10 0 11
34 278 361 -41 1525 1855 10 1 11
35 489 457 13 0 1749 10 0 12
36 210 219 7 0 210 10 0 12
37 351 148 30 321 631 10 0 12
38 125 61 -50 0 1839 10 1 12
39 100 266 5 330 640 0 0 13
40 59 388 20 523 833 10 0 13
41 456 113 -25 1087 1397 10 1 13
42 476 159 16 1036 1366 10 0 14
43 149 448 24 68 398 10 0 14
44 209 213 -40 1307 1637 10 1 14
45 441 374 10 83 393 10 0 15
46 174 67 -10 0 1867 10 1 15
47 154 45 26 89 419 10 0 16
48 40 165 -26 1130 1460 10 1 16
49 198 85 28 123 433 10 0 17
50 69 414 6 1123 1433 10 0 17
51 191 215 17 0 228 10 0 17
52 272 234 -51 1450 1760 10 1 17
53 257 316 33 0 236 10 0 18
54 342 392 -33 860 1190 10 1 18
55 415 253 21 227 537 10 0 19
56 28 467 -21 1203 1513 10 1 19
57 332 459 35 229 539 10 0 20
58 206 174 -35 0 1925 10 1 20
59 0 422 8 681 991 0 0 21
60 306 229 -8 1180 1490 10 1 21
61 225 303 13 0 235 10 0 22
62 362 491 15 1135 1465 10 0 22
63 181 313 -28 1439 1769 10 1 22
64 48 200 23 135 465 10 0 23
65 245 298 18 0 220 10 0 23
66 485 277 7 630 960 10 0 23
67 295 257 -48 1125 1455 10 1 23
68 333 39 7 987 1317 10 0 24
69 376 270 -7 1370 1700 10 1 24
70 71 12 2 153 463 10 0 25
71 104 28 8 0 1800 10 0 25
72 132 32 18 644 954 10 0 25
73 188 151 -28 1157 1467 10 1 25
74 392 1 11 465 775 10 0 26
75 51 360 -11 1005 1315 10 1 26
76 258 396 22 228 558 10 0 27
77 370 304 -22 1268 1598 10 1 27
78 492 326 19 1064 1374 10 0 28
79 421 499 23 0 1763 10 0 28
80 303 78 12 29 339 10 0 28
81 257 391 -54 1493 1803 10 1 28
82 347 51 8 852 1182 10 0 29
83 340 381 1 409 739 10 0 29
84 250 250 -9 1550 1880 10 1 29
85 449 190 2 1000 1310 10 0 30
86 451 62 5 0 1790 10 0 30
87 92 18 8 0 1785 10 0 30
88 365 74 -15 0 1855 10 1 30
89 52 303 25 0 1861 10 0 31
90 368 452 16 530 840 10 0 31
91 172 24 -41 1312 1622 10 1 31
92 39 368 23 461 791 10 0 32
93 278 298 26 1117 1447 0 0 32
94 75 353 38 57 387 10 0 32
95 346 503 -87 1343 1673 10 1 32
96 62 375 16 209 519 10 0 33
97 82 183 -16 962 1272 10 1 33
98 19 243 31 156 486 10 0 34
99 140 257 17 0 300 10 0 34
100 74 15 -48 979 1309 10 1 34
101 172 316 22 0 299 10 0 35
102 159 224 7 332 662 10 0 35
103 74 304 12 951 1281 10 0 35
104 22 368 -41 1074 1404 10 1 35
105 244 368 25 274 584 10 0 36
106 46 248 9 674 984 10 0 36
107 33 278 -34 0 1847 10 1 36
108 395 27 40 659 989 10 0 37
109 44 249 16 69 399 10 0 37
110 97 61 35 364 694 10 0 37
111 451 187 -91 851 1181 10 1 37
112 141 426 23 391 701 10 0 38
113 382 360 26 38 348 10 0 38
114 230 487 20 990 1300 0 0 38
115 434 359 -69 1252 1562 10 1 38
116 446 305 11 378 708 10 0 39
117 299 230 19 0 229 10 0 39
118 476 106 -30 1233 1563 10 1 39
119 178 72 23 617 927 10 0 40
120 295 247 -23 1163 1473 10 1 40
121 340 148 18 960 1290 0 0 41
122 309 363 34 0 294 10 0 41
123 232 341 10 390 720 10 0 41
124 347 242 -62 1421 1751 10 1 41
125 265 497 19 248 578 10 0 42
126 233 188 20 986 1316 10 0 42
127 395 249 21 636 966 10 0 42
128 282 244 -60 1440 1770 10 1 42
129 201 225 17 0 248 10 0 43
130 319 39 11 1144 1474 0 0 43
131 410 81 -28 1222 1552 10 1 43
132 460 117 14 380 690 10 0 44
133 175 239 23 0 235 10 0 44
134 94 40 24 928 1238 10 0 44
135 415 118 -61 0 1854 10 1 44
136 34 169 11 344 654 10 0 45
137 371 423 -11 0 1854 10 1 45
138 245 23 27 209 539 10 0 46
139 188 145 -27 1364 1694 10 1 46
140 306 235 25 0 217 10 0 47
141 441 7 20 252 562 10 0 47
142 480 131 -45 548 858 10 1 47
143 102 422 23 86 396 10 0 48
144 92 76 4 999 1309 10 0 48
145 39 153 26 658 968 10 0 48
146 337 232 -53 1431 1741 10 1 48
147 271 369 10 0 289 10 0 49
148 338 468 -10 618 948 10 1 49
149 365 184 33 565 895 10 0 50
150 238 270 12 1456 1786 0 0 50
151 451 17 20 242 572 10 0 50
152 284 271 -65 1557 1887 10 1 50
153 417 212 12 770 1080 10 0 51
154 345 431 12 205 515 10 0 51
155 318 99 -24 1073 1383 10 1 51
156 220 229 7 0 230 10 0 52
157 224 284 -7 1219 1549 10 1 52
158 246 407 12 0 1908 10 0 53
159 250 328 24 109 419 10 0 53
160 436 295 -36 0 1874 10 1 53
161 153 168 12 0 321 10 0 54
162 351 69 -12 640 970 10 1 54
163 25 21 15 802 1132 10 0 55
164 236 433 15 47 377 10 0 55
165 114 38 -30 1323 1653 10 1 55
166 226 423 15 57 367 10 0 56
167 125 65 17 648 958 10 0 56
168 197 202 29 1064 1374 0 0 56
169 396 83 -61 1446 1756 10 1 56
170 283 438 3 91 401 10 0 57
171 94 192 1 940 1250 10 0 57
172 405 349 15 382 692 10 0 57
173 185 434 -19 0 1870 10 1 57
174 253 50 27 86 396 10 0 58
175 293 174 31 0 247 10 0 58
176 282 1 18 0 1814 10 0 58
177 231 29 -76 1086 1396 10 1 58
178 266 221 9 0 1925 10 0 59
179 144 35 26 89 399 10 0 59
180 30 97 -35 1070 1380 10 1 59
181 313 88 12 29 359 10 0 60
182 182 76 -12 1153 1483 10 1 60
183 208 95 28 113 443 10 0 61
184 135 71 -28 462 792 10 1 61
185 366 334 5 270 580 10 0 62
186 482 184 14 0 1824 10 0 62
187 153 235 10 0 258 10 0 62
188 437 19 -29 874 1184 10 1 62
189 45 273 27 120 450 10 0 63
190 81 292 29 492 822 10 0 63
191 482 67 -56 1145 1475 10 1 63
192 191 451 25 392 722 10 0 64
193 115 191 19 1381 1711 0 0 64
194 186 209 28 0 269 10 0 64
195 236 185 -72 1544 1874 10 1 64
196 392 370 26 28 358 10 0 65
197 495 438 -26 1340 1670 10 1 65
198 297 304 4 0 1925 10 0 66
199 137 377 23 19 329 10 0 66
200 80 117 24 684 994 10 0 66
201 286 244 -51 1144 1454 10 1 66
