15 200
0 250 250 0 0 1925 0 -1 -1
0 366 334 5 260 590 10 0 0
1 48 412 -5 882 1212 10 1 0
2 257 133 19 712 1042 10 0 1
3 318 99 35 1063 1393 10 0 1
4 228 260 -54 1456 1786 10 1 1
5 415 253 21 217 547 10 0 2
6 0 422 8 671 1001 10 0 2
7 26 442 -29 1194 1524 10 1 2
8 330 281 14 1180 1510 10 0 3
9 62 375 16 199 529 10 0 3
10 144 220 35 0 290 10 0 3
11 139 438 -65 0 1847 10 1 3
12 292 104 26 154 484 0 0 4
13 224 56 13 1036 1366 10 0 4
14 257 391 -39 1483 1813 10 1 4
15 222 331 10 390 720 10 0 5
16 137 377 23 19 349 10 0 5
17 352 481 15 1135 1465 10 0 5
18 412 478 -48 0 1786 10 1 5
19 458 213 22 978 1308 10 0 6
20 277 428 7 340 670 0 0 6
21 199 203 -29 1307 1637 10 1 6
22 339 41 6 306 636 10 0 7
23 351 5 12 346 676 10 0 7
24 398 210 31 3 333 10 0 7
25 174 347 -49 865 1195 10 1 7
26 84 255 13 132 462 10 0 8
27 59 388 -13 513 843 10 1 8
28 392 1 11 455 785 0 0 9
29 306 235 25 0 237 10 0 9
30 438 5 18 399 729 10 0 9
31 371 315 -54 1016 1346 10 1 9
32 13 314 14 95 425 10 0 10
33 244 13 -14 863 1193 10 1 10
34 410 399 25 84 414 10 0 11
35 242 106 -25 1118 1448 10 1 11
