15 200
0 250 250 0 0 1925 0 -1 -1
0 415 253 21 227 537 10 0 0
1 389 156 27 576 886 10 0 0
2 94 192 1 940 1250 10 0 0
3 324 99 -49 0 1897 10 1 0
4 339 41 6 316 626 10 0 1
5 392 1 11 465 775 10 0 1
6 195 111 -17 858 1168 10 1 1
7 332 459 35 229 539 10 0 2
8 64 437 11 778 1088 10 0 2
9 387 394 8 0 1867 10 0 2
10 244 422 14 398 708 10 0 2
11 179 497 -68 1271 1581 10 1 2
12 125 65 17 648 958 10 0 3
13 16 287 -17 0 1829 10 1 3
14 447 267 19 840 1150 10 0 4
15 144 35 26 89 399 10 0 4
16 136 265 -45 0 1925 10 1 4
17 352 487 27 762 1072 10 0 5
18 366 334 5 270 580 10 0 5
19 336 493 -32 0 1808 10 1 5
20 197 202 29 1064 1374 0 0 6
21 244 368 25 274 584 10 0 6
22 153 235 10 0 258 10 0 6
23 387 349 9 0 1896 10 0 6
24 307 249 -73 1237 1547 10 1 6
25 62 375 16 209 519 10 0 7
26 175 239 23 0 235 10 0 7
27 397 153 -39 742 1052 10 1 7
28 399 175 13 607 917 10 0 8
29 460 117 14 380 690 10 0 8
30 340 416 36 0 1877 10 0 8
31 92 76 4 999 1309 10 0 8
32 243 408 15 0 1907 10 0 8
33 303 78 12 29 339 10 0 8
34 229 322 -94 0 1925 10 1 8
