15 200
0 250 250 0 0 1925 0 -1 -1
0 415 95 15 1027 1357 10 0 0
1 13 314 14 95 425 10 0 0
2 339 144 13 949 1279 10 0 0
3 241 180 -42 1545 1875 10 1 0
4 366 334 5 260 590 10 0 1
5 318 99 35 1063 1393 10 0 1
6 257 391 -40 1483 1813 10 1 1
7 108 37 23 399 729 10 0 2
8 224 56 13 1036 1366 10 0 2
9 292 104 26 154 484 0 0 2
10 226 316 21 0 250 10 0 2
11 500 228 8 0 1815 0 0 2
12 374 346 27 0 1909 10 0 2
13 360 284 -118 0 1925 10 1 2
14 339 41 6 306 636 10 0 3
15 458 213 22 978 1308 10 0 3
16 162 301 -28 1463 1793 10 1 3
17 33 268 18 546 876 10 0 4
18 62 375 16 199 529 10 0 4
19 167 445 7 0 1854 10 0 4
20 153 235 10 0 278 10 0 4
21 60 29 32 1213 1543 0 0 4
22 175 239 23 0 255 10 0 4
23 16 68 11 0 1769 10 0 4
24 330 138 -117 0 1925 10 1 4
25 253 74 20 0 1889 10 0 5
26 354 156 20 682 1012 10 0 5
27 157 269 -40 1426 1756 10 1 5
28 356 256 19 0 286 10 0 6
29 46 248 -19 664 994 10 1 6
30 332 459 35 219 549 10 0 7
31 306 235 25 0 237 10 0 7
32 235 33 30 1187 1517 10 0 7
33 222 331 10 390 720 10 0 7
34 385 239 21 636 966 10 0 7
35 124 111 15 0 1878 10 0 7
36 226 175 -136 1544 1874 10 1 7
