30 200
0 250 250 0 0 1925 0 -1 -1
1 196 489 23 890 1200 10 0 0
2 394 47 5 173 483 10 0 0
3 293 174 31 0 247 10 0 0
4 226 175 -59 1554 1864 10 1 0
5 140 137 32 430 740 10 0 1
6 168 109 10 64 374 10 0 1
7 103 123 8 350 660 10 0 1
8 76 462 18 816 1126 10 0 1
9 228 260 -68 1466 1776 10 1 1
10 159 351 6 264 574 10 0 2
11 293 448 3 91 401 10 0 2
12 238 297 21 0 203 10 0 2
13 81 314 19 549 859 10 0 2
14 414 150 -49 1119 1429 10 1 2
15 61 170 20 866 1176 10 0 3
16 102 422 23 86 396 10 0 3
17 263 153 12 0 1925 10 0 3
18 303 186 -55 1214 1524 10 1 3
19 225 488 28 496 806 10 0 4
20 330 308 24 1030 1340 0 0 4
21 323 34 -52 0 1837 10 1 4
22 292 104 26 164 474 10 0 5
23 343 205 26 627 937 10 0 5
24 224 56 13 1046 1356 10 0 5
25 364 173 30 40 350 10 0 5
26 351 5 12 356 666 10 0 5
27 185 434 9 0 1870 10 0 5
28 200 78 31 853 1163 10 0 5
29 313 391 -147 0 1911 10 1 5
30 164 332 19 1140 1450 0 0 6
31 273 70 36 479 789 10 0 6
32 283 438 3 91 401 10 0 6
33 125 65 17 648 958 10 0 6
34 265 0 10 0 1815 10 0 6
35 225 121 -85 0 1925 10 1 6
36 217 333 26 271 581 10 0 7
37 175 239 23 0 235 10 0 7
38 210 379 12 569 879 10 0 7
39 161 276 8 0 303 10 0 7
40 360 294 9 0 1925 10 0 7
41 103 464 22 1133 1443 10 0 7
42 268 351 -100 0 1925 10 1 7
43 65 343 38 67 377 10 0 8
44 352 63 6 1038 1348 10 0 8
45 412 478 7 0 1786 10 0 8
46 162 301 -51 1473 1783 10 1 8
47 64 294 12 961 1271 10 0 9
48 13 314 14 104 414 10 0 9
49 214 245 8 0 196 10 0 9
50 371 488 -34 0 1799 10 1 9
51 163 245 10 0 258 10 0 10
52 72 385 16 209 519 10 0 10
53 240 497 20 990 1300 0 0 10
54 151 436 23 391 701 10 0 10
55 168 34 18 0 1821 10 0 10
56 263 128 -87 0 1925 10 1 10
57 16 206 20 1063 1373 0 0 11
58 298 449 16 0 1873 10 0 11
59 294 329 17 0 1925 10 0 11
60 504 175 19 0 1807 10 0 11
61 451 17 20 252 562 10 0 11
62 460 204 27 485 795 0 0 11
63 223 195 21 0 234 10 0 11
64 267 401 -140 1493 1803 10 1 11
65 100 266 5 330 640 10 0 12
66 235 288 18 0 200 10 0 12
67 385 239 21 646 956 10 0 12
68 69 414 6 1123 1433 10 0 12
69 84 255 13 142 452 10 0 12
70 368 311 14 786 1096 10 0 12
71 229 322 -77 0 1925 10 1 12
72 254 378 25 274 584 10 0 13
73 142 42 18 644 954 10 0 13
74 459 200 2 1000 1310 10 0 13
75 68 401 -45 0 1827 10 1 13
76 185 249 23 0 235 10 0 14
77 71 180 20 866 1176 10 0 14
78 321 213 15 583 893 10 0 14
79 92 193 -58 962 1272 10 1 14
80 153 235 10 0 258 10 0 15
81 181 441 25 402 712 10 0 15
82 53 204 8 915 1225 10 0 15
83 169 305 21 22 332 10 0 15
84 126 391 19 133 443 0 0 15
85 486 324 15 0 1818 10 0 15
86 186 135 24 0 1925 0 0 15
87 322 290 -122 0 1925 10 1 15
88 332 459 35 229 539 10 0 16
89 222 331 10 400 710 10 0 16
90 197 202 29 1064 1374 10 0 16
91 318 280 -74 0 1925 10 1 16
92 470 127 14 380 690 10 0 17
93 102 86 4 999 1309 10 0 17
94 70 15 18 904 1214 10 0 17
95 154 230 -36 0 1925 10 1 17
96 125 405 11 675 985 10 0 18
97 100 487 18 127 437 10 0 18
98 20 247 19 476 786 10 0 18
99 234 66 -48 1046 1356 10 1 18
100 289 220 19 0 209 10 0 19
101 46 248 -19 674 984 10 1 19
102 457 282 12 244 554 10 0 20
103 178 119 10 0 1902 10 0 20
104 433 231 9 0 1890 10 0 20
105 431 396 29 684 994 10 0 20
106 374 81 -60 0 1853 10 1 20
107 110 276 5 330 640 0 0 21
108 311 249 31 0 212 10 0 21
109 466 123 -36 1087 1397 10 1 21
110 112 432 23 86 396 10 0 22
111 58 447 4 664 974 10 0 22
112 407 487 13 0 1795 10 0 22
113 403 108 -40 0 1857 10 1 22
114 382 9 30 132 442 10 0 23
115 399 175 13 607 917 10 0 23
116 199 203 20 1317 1627 10 0 23
117 374 116 9 447 757 10 0 23
118 376 92 -72 0 1863 10 1 23
119 154 45 26 89 399 10 0 24
120 26 297 -26 0 1829 10 1 24
121 81 22 2 153 463 10 0 25
122 255 52 24 407 717 10 0 25
123 97 61 35 0 1808 10 0 25
124 470 434 11 1315 1625 10 0 25
125 183 75 12 308 618 10 0 25
126 284 451 12 0 1873 10 0 25
127 145 410 20 0 1876 10 0 25
128 339 466 -116 0 1845 10 1 25
129 245 298 18 0 1925 0 0 26
130 90 127 24 684 994 10 0 26
131 263 60 27 86 396 10 0 26
132 475 377 14 0 1821 10 0 26
133 256 417 12 0 1908 10 0 26
134 446 305 -95 0 1874 10 1 26
135 402 11 11 465 775 10 0 27
136 468 223 22 988 1298 10 0 27
137 10 366 13 0 1794 10 0 27
138 245 23 27 219 529 10 0 27
139 313 88 12 29 339 10 0 27
140 143 283 -85 0 1925 10 1 27
141 490 129 7 0 1801 10 0 28
142 490 141 -7 548 858 10 1 28
143 425 263 21 227 537 10 0 29
144 49 163 26 658 968 10 0 29
145 225 292 21 1300 1610 10 0 29
146 316 245 25 0 217 10 0 29
147 241 420 14 0 1904 0 0 29
148 343 173 32 0 1925 10 0 29
149 167 279 -139 1436 1746 10 1 29
150 447 272 12 244 554 10 0 30
151 195 273 22 0 219 10 0 30
152 400 71 17 1232 1542 10 0 30
153 441 177 23 861 1171 10 0 30
154 440 284 25 712 1022 10 0 30
155 480 131 5 548 858 10 0 30
156 480 136 -104 0 1809 10 1 30
157 210 219 7 0 210 10 0 31
158 360 284 -7 0 1925 10 1 31
159 236 433 15 57 367 10 0 32
160 135 75 17 648 958 10 0 32
161 207 212 29 1064 1374 0 0 32
162 376 344 5 270 580 10 0 32
163 76 98 2 0 1820 10 0 32
164 321 432 29 0 1883 10 0 32
165 295 257 13 0 1925 10 0 32
166 406 93 -110 1446 1756 10 1 32
167 120 17 30 139 449 10 0 33
168 13 465 31 634 944 10 0 33
169 376 113 8 0 1879 10 0 33
170 191 215 17 0 228 10 0 33
171 274 442 -86 0 1872 10 1 33
172 69 398 20 523 833 10 0 34
173 104 202 1 940 1250 10 0 34
174 303 184 31 0 247 10 0 34
175 208 95 28 123 433 10 0 34
176 143 465 25 668 978 10 0 34
177 254 287 -105 1161 1471 10 1 34
178 10 432 8 681 991 0 0 35
179 44 179 11 344 654 10 0 35
180 218 455 22 0 1866 10 0 35
181 227 367 -41 1280 1590 10 1 35
182 65 328 13 172 482 10 0 36
183 357 202 -13 1348 1658 10 1 36
184 342 469 35 229 539 10 0 37
185 216 184 -35 0 1925 10 1 37
186 385 17 40 669 979 10 0 38
187 409 155 19 0 1880 10 0 38
188 9 233 31 166 476 0 0 38
189 3 23 11 0 1730 10 0 38
190 176 199 28 0 249 10 0 38
191 339 144 13 959 1269 10 0 38
192 149 214 -142 0 1925 10 1 38
193 355 441 12 205 515 10 0 39
194 267 67 18 0 1872 10 0 39
195 392 370 26 38 348 10 0 39
196 101 37 -56 1042 1352 10 1 39
197 58 391 16 742 1052 10 0 40
198 325 311 22 1182 1492 10 0 40
199 366 334 5 270 580 10 0 40
200 280 245 21 0 190 10 0 40
201 460 328 13 79 389 0 0 40
202 135 400 20 0 1876 10 0 40
203 83 290 14 0 1894 10 0 40
204 429 476 -111 0 1777 10 1 40
