30 200
0 250 250 0 0 1925 0 -1 -1
1 499 316 18 482 792 10 0 0
2 436 123 40 75 385 10 0 0
3 242 106 -58 1128 1438 10 1 0
4 176 199 28 0 269 10 0 1
5 363 225 35 706 1036 10 0 1
6 144 35 26 89 419 10 0 1
7 12 358 -89 1074 1404 10 1 1
8 5 445 30 171 481 10 0 2
9 181 441 25 402 712 10 0 2
10 452 484 26 1138 1448 0 0 2
11 137 377 23 19 329 10 0 2
12 120 261 5 653 963 10 0 2
13 202 391 30 484 794 10 0 2
14 498 456 27 1266 1576 10 0 2
15 270 337 -166 1643 1925 10 1 2
16 176 199 28 0 249 10 0 3
17 34 329 -28 903 1213 10 1 3
18 200 78 31 843 1173 10 0 4
19 339 41 6 306 636 10 0 4
20 125 65 17 638 968 10 0 4
21 351 5 12 346 676 10 0 4
22 259 301 25 0 279 10 0 4
23 480 136 22 0 1809 10 0 4
24 257 391 -113 1483 1813 10 1 4
25 323 29 7 997 1307 0 0 5
26 213 185 21 0 234 10 0 5
27 110 251 23 358 668 10 0 5
28 200 78 31 853 1163 10 0 5
29 26 342 12 181 491 10 0 5
30 71 282 29 502 812 10 0 5
31 199 203 20 1317 1627 10 0 5
32 157 269 -143 1436 1746 10 1 5
33 253 50 27 86 396 10 0 6
34 439 156 2 386 696 10 0 6
35 161 275 21 1207 1517 10 0 6
36 385 58 24 265 575 10 0 6
37 178 135 -74 1374 1684 10 1 6
38 33 268 18 546 876 10 0 7
39 224 56 13 1036 1366 10 0 7
40 233 87 18 103 433 10 0 7
41 33 278 -49 1337 1667 10 1 7
42 382 360 26 38 348 10 0 8
43 318 280 21 0 234 10 0 8
44 360 488 19 176 486 10 0 8
45 400 71 17 1232 1542 0 0 8
46 375 145 12 789 1099 10 0 8
47 351 128 15 1113 1423 10 0 8
48 272 234 -110 1450 1760 10 1 8
49 62 375 16 199 529 10 0 9
50 92 76 4 989 1319 10 0 9
51 289 220 19 0 229 10 0 9
52 142 360 -39 1382 1712 10 1 9
53 421 386 29 674 1004 10 0 10
54 141 426 23 381 711 10 0 10
55 226 423 15 47 377 10 0 10
56 463 253 -67 897 1227 10 1 10
57 306 235 25 0 217 10 0 11
58 198 85 28 123 433 10 0 11
59 337 41 8 862 1172 10 0 11
60 355 174 33 575 885 10 0 11
61 330 138 18 970 1280 0 0 11
62 437 90 12 445 755 0 0 11
63 225 269 -124 1131 1441 10 1 11
64 365 119 30 232 562 10 0 12
65 267 174 -30 1468 1798 10 1 12
66 394 47 5 173 483 10 0 13
67 268 288 -5 1127 1437 10 1 13
68 299 353 34 0 274 10 0 14
69 411 379 -34 1053 1363 10 1 14
70 29 358 23 471 781 10 0 15
71 235 288 18 0 200 10 0 15
72 138 28 23 957 1267 10 0 15
73 329 456 19 109 419 10 0 15
74 59 388 20 523 833 10 0 15
75 248 386 22 238 548 10 0 15
76 172 66 -125 1163 1473 10 1 15
77 366 334 5 260 590 10 0 16
78 56 268 -5 914 1244 10 1 16
79 292 104 26 154 484 0 0 17
80 175 352 -26 0 1925 10 1 17
81 144 35 26 89 399 10 0 18
82 111 392 18 1029 1339 10 0 18
83 235 13 27 219 529 10 0 18
84 103 464 -71 1133 1443 10 1 18
85 288 439 16 133 443 10 0 19
86 399 175 13 607 917 10 0 19
87 247 306 33 0 216 10 0 19
88 247 443 17 190 500 10 0 19
89 80 400 10 1306 1616 10 0 19
90 226 423 15 57 367 10 0 19
91 394 322 12 885 1195 10 0 19
92 257 391 -116 1493 1803 10 1 19
93 12 367 27 176 506 10 0 20
94 411 396 23 770 1100 10 0 20
95 13 314 14 95 425 10 0 20
96 458 213 22 978 1308 10 0 20
97 222 331 10 390 720 10 0 20
98 153 235 10 0 278 10 0 20
99 389 43 21 0 1816 10 0 20
100 396 83 -127 1436 1766 10 1 20
101 382 360 26 28 358 10 0 21
102 248 386 22 228 558 10 0 21
103 159 299 12 866 1196 10 0 21
104 80 357 1 380 710 0 0 21
105 26 67 -61 1167 1497 10 1 21
106 235 288 18 0 220 10 0 22
107 128 113 22 213 543 10 0 22
108 15 11 15 802 1132 10 0 22
109 264 180 -55 1531 1861 10 1 22
110 158 179 37 0 276 10 0 23
111 461 182 -37 489 799 10 1 23
112 62 236 29 408 738 10 0 24
113 102 422 23 76 406 10 0 24
114 48 412 -52 882 1212 10 1 24
115 143 158 12 0 321 10 0 25
116 371 315 -12 1016 1346 10 1 25
117 392 1 11 455 785 0 0 26
118 83 169 21 0 1880 10 0 26
119 179 497 1 1261 1591 10 0 26
120 256 441 -33 0 1874 10 1 26
121 441 7 20 252 562 10 0 27
122 149 458 13 1024 1334 10 0 27
123 191 215 17 0 228 10 0 27
124 392 1 11 465 775 10 0 27
125 162 301 -61 1473 1783 10 1 27
126 382 9 30 124 454 10 0 28
127 448 397 33 716 1046 0 0 28
128 233 230 20 0 206 10 0 28
129 461 186 16 0 1845 10 0 28
130 335 99 25 1068 1398 10 0 28
131 314 205 -124 1377 1707 10 1 28
132 460 117 14 370 700 10 0 29
133 247 306 33 0 236 10 0 29
134 325 311 22 1172 1502 0 0 29
135 162 301 -69 1463 1793 10 1 29
136 283 438 3 81 411 10 0 30
137 413 493 26 1068 1398 10 0 30
138 186 135 24 0 1925 10 0 30
139 48 366 29 593 923 10 0 30
140 280 245 21 0 210 10 0 30
141 244 422 14 388 718 10 0 30
142 311 422 29 0 1883 10 0 30
143 245 176 -146 0 1925 10 1 30
144 0 356 13 946 1256 10 0 31
145 226 316 21 0 230 10 0 31
146 139 438 24 74 384 10 0 31
147 274 261 -58 1567 1877 10 1 31
148 137 377 23 19 349 10 0 32
149 46 163 8 776 1106 10 0 32
150 58 39 -31 0 1780 10 1 32
151 349 43 26 79 389 10 0 33
152 23 235 43 883 1193 0 0 33
153 489 274 31 394 704 10 0 33
154 360 284 19 527 837 10 0 33
155 214 274 -119 1229 1539 10 1 33
156 154 392 9 21 331 10 0 34
157 463 253 -9 907 1217 10 1 34
158 267 374 23 451 781 10 0 35
159 385 239 21 636 966 10 0 35
160 325 210 15 783 1113 10 0 35
161 168 109 10 54 384 10 0 35
162 187 73 18 142 472 10 0 35
163 265 240 9 0 198 10 0 35
164 60 29 32 1213 1543 0 0 35
165 181 185 -128 1464 1794 10 1 35
166 332 459 35 219 549 10 0 36
167 354 156 20 682 1012 10 0 36
168 373 418 -55 1109 1439 10 1 36
169 84 255 13 132 462 10 0 37
170 487 320 21 708 1038 10 0 37
171 394 322 12 875 1205 10 0 37
172 175 239 23 0 255 10 0 37
173 400 71 17 1222 1552 10 0 37
174 226 175 -86 1544 1874 10 1 37
175 447 184 27 284 594 10 0 38
176 468 352 9 628 938 10 0 38
177 435 180 37 85 395 10 0 38
178 287 256 18 0 197 10 0 38
179 420 383 -91 842 1152 10 1 38
180 142 80 12 352 662 10 0 39
181 489 338 17 1257 1567 0 0 39
182 9 101 16 526 836 10 0 39
183 210 219 7 0 210 10 0 39
184 485 428 -52 1350 1660 10 1 39
185 303 78 12 29 339 10 0 40
186 40 304 16 1005 1315 10 0 40
187 381 328 12 577 887 10 0 40
188 420 224 10 289 599 10 0 40
189 12 358 -50 1084 1394 10 1 40
190 396 417 13 670 980 10 0 41
191 51 286 -13 1319 1629 10 1 41
192 120 17 30 129 459 10 0 42
193 323 29 7 987 1317 0 0 42
194 313 391 5 0 1911 10 0 42
195 433 319 -42 0 1870 10 1 42
196 154 374 36 797 1107 10 0 43
197 10 237 19 476 786 10 0 43
198 84 255 13 142 452 10 0 43
199 244 277 18 1161 1471 0 0 43
200 273 149 14 1363 1673 0 0 43
201 289 220 19 0 209 10 0 43
202 190 267 -119 1614 1924 10 1 43
203 149 214 7 0 1925 10 0 44
204 415 253 21 217 547 10 0 44
205 367 97 17 838 1168 10 0 44
206 423 221 9 108 438 10 0 44
207 231 29 14 1076 1406 0 0 44
208 172 66 -68 1153 1483 10 1 44
