15 200
0 250 250 0 0 1925 0 -1 -1
0 396 417 13 670 980 10 0 0
1 382 360 26 38 348 10 0 0
2 330 138 18 970 1280 0 0 0
3 351 233 -57 1283 1593 10 1 0
4 142 80 12 352 662 10 0 1
5 161 275 21 1207 1517 10 0 1
6 235 13 27 219 529 10 0 1
7 241 180 13 1555 1865 0 0 1
8 337 41 8 862 1172 10 0 1
9 210 219 7 0 210 10 0 1
10 241 180 -88 1555 1865 10 1 1
11 104 349 20 869 1179 10 0 2
12 84 255 13 142 452 10 0 2
13 92 259 4 259 569 10 0 2
14 12 358 -37 1084 1394 10 1 2
15 235 288 18 0 200 10 0 3
16 441 7 20 252 562 10 0 3
17 332 5 14 893 1203 10 0 3
18 355 174 33 575 885 10 0 3
19 214 274 -85 1229 1539 10 1 3
20 154 374 36 797 1107 10 0 4
21 263 418 25 138 448 10 0 4
22 360 284 19 527 837 10 0 4
23 306 235 25 0 217 10 0 4
24 157 269 -105 1436 1746 10 1 4
25 303 78 12 29 339 10 0 5
26 210 133 15 549 859 10 0 5
27 208 445 22 1192 1502 10 0 5
28 0 356 13 946 1256 10 0 5
29 292 104 26 164 474 10 0 5
30 228 260 -88 1466 1776 10 1 5
31 435 180 37 85 395 10 0 6
32 492 335 10 688 998 10 0 6
33 452 484 26 1138 1448 0 0 6
34 289 220 19 0 209 10 0 6
35 489 274 31 394 704 10 0 6
36 485 428 -123 1350 1660 10 1 6
