15 200
0 250 250 0 0 1925 0 -1 -1
0 442 5 16 180 490 10 0 0
1 103 464 22 1133 1443 10 0 0
2 351 5 12 356 666 10 0 0
3 157 269 -50 1436 1746 10 1 0
4 375 145 12 789 1099 10 0 1
5 137 377 23 19 329 10 0 1
6 222 331 10 400 710 10 0 1
7 292 136 28 641 951 10 0 1
8 246 407 12 172 482 10 0 1
9 208 445 22 1192 1502 0 0 1
10 162 301 -107 1473 1783 10 1 1
11 413 127 28 691 1001 10 0 2
12 210 276 5 0 207 10 0 2
13 65 343 38 67 377 10 0 2
14 135 400 20 0 1876 10 0 2
15 197 202 29 1064 1374 10 0 2
16 267 174 34 1478 1788 10 0 2
17 247 219 -154 0 1925 10 1 2
18 168 109 10 64 374 10 0 3
19 448 414 -10 1083 1393 10 1 3
20 480 131 5 548 858 10 0 4
21 210 219 7 0 210 10 0 4
22 213 399 18 94 404 10 0 4
23 473 491 23 0 1737 10 0 4
24 392 87 -53 0 1849 10 1 4
25 158 24 18 471 781 10 0 5
26 9 233 31 166 476 0 0 5
27 449 190 2 1000 1310 10 0 5
28 405 187 -51 1111 1421 10 1 5
29 80 251 14 164 474 10 0 6
30 385 17 40 669 979 10 0 6
31 132 151 22 4 314 10 0 6
32 253 74 20 0 1889 10 0 6
33 478 300 12 0 1832 10 0 6
34 330 308 24 1030 1340 0 0 6
35 84 255 13 142 452 10 0 6
36 376 92 -145 0 1863 10 1 6
