15 200
0 250 250 0 0 1925 0 -1 -1
0 337 41 8 852 1182 10 0 0
1 306 235 25 0 237 10 0 0
2 295 89 23 592 922 10 0 0
3 285 247 -56 1125 1455 10 1 0
4 435 180 37 75 405 10 0 1
5 103 177 28 476 806 10 0 1
6 466 362 15 1002 1332 10 0 1
7 228 260 12 1456 1786 0 0 1
8 289 220 19 0 229 10 0 1
9 226 175 -111 1544 1874 10 1 1
10 303 78 12 29 359 10 0 2
11 231 29 14 1076 1406 10 0 2
12 200 78 31 843 1173 10 0 2
13 441 7 20 242 572 10 0 2
14 199 203 -77 1307 1637 10 1 2
15 420 383 27 832 1162 0 0 3
16 191 215 17 0 248 10 0 3
17 402 277 -44 1288 1618 10 1 3
18 198 85 28 113 443 10 0 4
19 404 59 13 763 1093 10 0 4
20 355 174 33 565 895 10 0 4
21 235 13 27 209 539 10 0 4
22 301 239 31 0 232 10 0 4
23 195 450 -132 1336 1666 10 1 4
24 460 117 14 370 700 10 0 5
25 492 326 19 1054 1384 10 0 5
26 382 360 26 28 358 10 0 5
27 284 319 17 667 997 10 0 5
28 447 272 12 234 564 10 0 5
29 299 353 34 0 294 10 0 5
30 368 311 14 776 1106 10 0 5
31 213 283 -136 1321 1651 10 1 5
32 5 445 30 163 493 10 0 6
33 235 288 18 0 220 10 0 6
34 15 11 15 802 1132 10 0 6
35 309 29 11 1144 1474 0 0 6
36 29 358 23 461 791 10 0 6
37 13 394 15 223 553 10 0 6
38 39 153 26 648 978 10 0 6
39 400 71 -138 1222 1552 10 1 6
