30 200
0 250 250 0 0 1925 0 -1 -1
1 303 78 12 29 359 10 0 0
2 68 240 11 644 974 10 0 0
3 23 235 43 873 1203 10 0 0
4 285 247 -66 1125 1455 10 1 0
5 436 295 11 378 708 10 0 1
6 289 220 19 0 229 10 0 1
7 149 458 -30 1014 1344 10 1 1
8 382 360 26 28 358 10 0 2
9 437 98 16 964 1294 10 0 2
10 399 175 13 597 927 10 0 2
11 287 256 18 0 217 10 0 2
12 438 127 2 791 1121 10 0 2
13 466 96 -75 1233 1563 10 1 2
14 288 439 16 123 453 10 0 3
15 21 70 15 621 951 10 0 3
16 142 360 20 1382 1712 0 0 3
17 334 403 26 24 354 10 0 3
18 248 386 22 228 558 10 0 3
19 175 352 -99 1515 1845 10 1 3
20 488 96 22 916 1246 10 0 4
21 309 29 11 1144 1474 0 0 4
22 5 445 30 163 493 10 0 4
23 214 245 8 0 216 10 0 4
24 371 163 21 678 1008 0 0 4
25 189 402 10 386 716 10 0 4
26 228 260 -102 1456 1786 10 1 4
27 342 469 35 219 549 10 0 5
28 364 166 20 682 1012 10 0 5
29 383 428 -55 1109 1439 10 1 5
30 277 384 23 451 781 10 0 6
31 395 249 21 636 966 10 0 6
32 335 220 15 783 1113 10 0 6
33 178 119 10 54 384 10 0 6
34 197 83 18 142 472 10 0 6
35 275 250 9 0 198 10 0 6
36 70 39 32 1213 1543 0 0 6
37 191 195 -128 1464 1794 10 1 6
38 226 423 15 47 377 10 0 7
39 423 170 27 363 693 10 0 7
40 355 174 33 565 895 10 0 7
41 251 238 27 0 192 10 0 7
42 404 59 13 763 1093 10 0 7
43 330 138 18 960 1290 0 0 7
44 195 464 20 1391 1721 0 0 7
45 257 391 -153 1483 1813 10 1 7
46 291 251 20 0 221 10 0 8
47 482 104 19 657 987 10 0 8
48 198 85 28 113 443 10 0 8
49 323 29 7 987 1317 10 0 8
50 301 239 31 0 232 10 0 8
51 494 165 19 454 784 10 0 8
52 318 99 35 1063 1393 10 0 8
53 178 135 -159 1364 1694 10 1 8
54 293 448 3 81 411 10 0 9
55 423 503 26 1068 1398 10 0 9
56 196 145 24 0 1925 10 0 9
57 58 376 29 593 923 10 0 9
58 290 255 21 0 210 10 0 9
59 254 432 14 388 718 10 0 9
60 321 432 29 0 1883 10 0 9
61 255 186 -146 0 1925 10 1 9
62 191 215 17 0 248 10 0 10
63 447 184 27 274 604 10 0 10
64 78 406 15 810 1140 10 0 10
65 158 179 37 0 296 10 0 10
66 225 269 30 1121 1451 0 0 10
67 199 203 -126 1307 1637 10 1 10
68 94 265 13 132 462 10 0 11
69 497 330 21 708 1038 10 0 11
70 404 332 12 875 1205 10 0 11
71 185 249 23 0 255 10 0 11
72 410 81 17 1222 1552 10 0 11
73 236 185 -86 1544 1874 10 1 11
74 376 344 5 260 590 10 0 12
75 66 278 -5 914 1244 10 1 12
76 15 11 15 802 1132 10 0 13
77 210 133 15 539 869 10 0 13
78 306 235 25 0 237 10 0 13
79 235 13 27 209 539 10 0 13
80 228 260 12 1456 1786 0 0 13
81 231 29 14 1076 1406 10 0 13
82 190 267 -108 1604 1925 10 1 13
83 72 385 16 199 529 10 0 14
84 102 86 4 989 1319 10 0 14
85 299 230 19 0 229 10 0 14
86 152 370 -39 1382 1712 10 1 14
87 22 377 27 176 506 10 0 15
88 421 406 23 770 1100 10 0 15
89 23 324 14 95 425 10 0 15
90 468 223 22 978 1308 10 0 15
91 232 341 10 390 720 10 0 15
92 163 245 10 0 278 10 0 15
93 399 53 21 0 1816 10 0 15
94 406 93 -127 1436 1766 10 1 15
95 402 11 11 455 785 0 0 16
96 93 179 21 0 1880 10 0 16
97 189 507 1 1261 1591 10 0 16
98 266 451 -33 0 1874 10 1 16
99 144 35 26 89 419 10 0 17
100 323 34 -26 1165 1495 10 1 17
101 186 209 28 0 269 10 0 18
102 373 235 35 706 1036 10 0 18
103 154 45 26 89 419 10 0 18
104 22 368 -89 1074 1404 10 1 18
105 153 168 12 0 321 10 0 19
106 381 325 -12 1016 1346 10 1 19
107 179 75 13 590 920 10 0 20
108 130 247 17 0 300 10 0 20
109 344 70 24 996 1326 10 0 20
110 325 210 15 783 1113 10 0 20
111 140 137 32 420 750 10 0 20
112 226 175 -101 1544 1874 10 1 20
113 392 370 26 28 358 10 0 21
114 258 396 22 228 558 10 0 21
115 169 309 12 866 1196 10 0 21
116 90 367 1 380 710 0 0 21
117 36 77 -61 1167 1497 10 1 21
118 147 387 23 19 349 10 0 22
119 56 173 8 776 1106 10 0 22
120 68 49 -31 0 1780 10 1 22
121 447 272 12 234 564 10 0 23
122 435 180 37 75 405 10 0 23
123 1 101 8 1107 1437 10 0 23
124 162 301 -57 1463 1793 10 1 23
125 299 353 34 0 294 10 0 24
126 385 17 40 659 989 10 0 24
127 253 74 -74 1200 1530 10 1 24
128 34 329 2 893 1223 10 0 25
129 12 358 -2 1074 1404 10 1 25
130 479 387 13 247 577 10 0 26
131 460 328 13 74 404 10 0 26
132 439 222 22 830 1160 10 0 26
133 385 239 21 636 966 10 0 26
134 268 288 26 1117 1447 0 0 26
135 214 274 -95 1219 1549 10 1 26
136 245 298 18 0 220 10 0 27
137 138 123 22 213 543 10 0 27
138 25 21 15 802 1132 10 0 27
139 274 190 -55 1531 1861 10 1 27
140 470 127 14 370 700 10 0 28
141 257 316 33 0 236 10 0 28
142 335 321 22 1172 1502 0 0 28
143 172 311 -69 1463 1793 10 1 28
144 475 267 7 630 960 10 0 29
145 415 207 -7 750 1080 10 1 29
146 72 246 29 408 738 10 0 30
147 112 432 23 76 406 10 0 30
148 58 422 -52 882 1212 10 1 30
149 26 342 12 171 501 10 0 31
150 125 61 -12 462 792 10 1 31
151 354 416 10 529 859 10 0 32
152 36 301 21 69 399 10 0 32
153 9 233 31 156 486 10 0 32
154 40 304 16 995 1325 10 0 32
155 215 282 -78 1290 1620 10 1 32
156 181 441 25 392 722 10 0 33
157 105 181 19 1381 1711 0 0 33
158 176 199 28 0 269 10 0 33
159 470 405 17 776 1106 10 0 33
160 74 215 10 79 409 10 0 33
161 210 219 7 0 230 10 0 33
162 420 383 27 832 1162 0 0 33
163 270 337 -133 1633 1925 10 1 33
164 43 278 18 546 876 10 0 34
165 234 66 13 1036 1366 10 0 34
166 243 97 18 103 433 10 0 34
167 43 288 -49 1337 1667 10 1 34
168 159 224 7 0 1925 10 0 35
169 425 263 21 217 547 10 0 35
170 377 107 17 838 1168 10 0 35
171 433 231 9 108 438 10 0 35
172 241 39 14 1076 1406 0 0 35
173 182 76 -68 1153 1483 10 1 35
174 451 62 5 132 462 10 0 36
175 337 41 8 852 1182 10 0 36
176 441 7 20 242 572 10 0 36
177 172 66 -33 1153 1483 10 1 36
178 130 27 30 129 459 10 0 37
179 333 39 7 987 1317 0 0 37
180 323 401 5 0 1911 10 0 37
181 443 329 -42 0 1870 10 1 37
182 392 19 30 124 454 10 0 38
183 458 407 33 716 1046 0 0 38
184 243 240 20 0 206 10 0 38
185 471 196 16 0 1845 10 0 38
186 345 109 25 1068 1398 10 0 38
187 324 215 -124 1377 1707 10 1 38
188 247 306 33 0 236 10 0 39
189 332 382 -33 860 1190 10 1 39
190 210 88 31 843 1173 10 0 40
191 349 51 6 306 636 10 0 40
192 135 75 17 638 968 10 0 40
193 361 15 12 346 676 10 0 40
194 269 311 25 0 279 10 0 40
195 490 146 22 0 1809 10 0 40
196 267 401 -113 1483 1813 10 1 40
197 431 396 29 674 1004 10 0 41
198 151 436 23 381 711 10 0 41
199 236 433 15 47 377 10 0 41
200 473 263 -67 897 1227 10 1 41
201 484 224 7 150 480 10 0 42
202 235 288 18 0 220 10 0 42
203 449 190 -25 990 1320 10 1 42
204 302 114 26 154 484 0 0 43
205 185 362 -26 0 1925 10 1 43
206 375 129 30 232 562 10 0 44
207 277 184 -30 1468 1798 10 1 44
