30 200
0 250 250 0 0 1925 0 -1 -1
1 152 476 45 0 1925 10 0 0
2 94 192 -45 0 1925 10 1 0
3 188 82 23 0 1925 10 0 1
4 305 257 -23 0 1925 10 1 1
5 225 369 38 0 1925 10 0 2
6 162 301 -38 0 1925 10 1 2
7 200 78 31 0 1925 10 0 3
8 323 29 -31 0 1925 10 1 3
9 164 332 19 0 1925 0 0 4
10 142 80 -19 0 1925 10 1 4
11 451 384 10 0 1925 10 0 5
12 184 77 -10 0 1925 10 1 5
13 263 60 27 0 1925 10 0 6
14 303 184 31 0 1925 10 0 6
15 292 11 18 0 1925 10 0 6
16 241 39 -76 0 1925 10 1 6
17 394 47 5 0 1925 10 0 7
18 368 311 14 0 1925 10 0 7
19 330 308 24 0 1925 0 0 7
20 43 360 -43 0 1925 10 1 7
21 293 448 3 0 1925 10 0 8
22 104 202 1 0 1925 10 0 8
23 415 359 15 0 1925 10 0 8
24 195 444 -19 0 1925 10 1 8
25 53 466 9 0 1925 10 0 9
26 65 343 38 0 1925 10 0 9
27 386 225 -47 0 1925 10 1 9
28 292 104 26 0 1925 10 0 10
29 224 56 13 0 1925 10 0 10
30 142 14 18 0 1925 0 0 10
31 396 83 -57 0 1925 10 1 10
32 81 22 2 0 1925 10 0 11
33 114 38 8 0 1925 10 0 11
34 142 42 18 0 1925 10 0 11
35 198 161 -28 0 1925 10 1 11
36 172 314 9 0 1925 10 0 12
37 168 109 10 0 1925 10 0 12
38 46 248 -19 0 1925 10 1 12
39 222 331 10 0 1925 10 0 13
40 223 178 -10 0 1925 10 1 13
41 402 11 11 0 1925 10 0 14
42 61 370 -11 0 1925 10 1 14
43 427 222 12 0 1925 10 0 15
44 355 441 12 0 1925 10 0 15
45 328 109 -24 0 1925 10 1 15
46 112 432 23 0 1925 10 0 16
47 102 86 4 0 1925 10 0 16
48 49 163 26 0 1925 10 0 16
49 347 242 -53 0 1925 10 1 16
50 307 314 4 0 1925 10 0 17
51 147 387 23 0 1925 10 0 17
52 90 127 24 0 1925 10 0 17
53 296 254 -51 0 1925 10 1 17
54 441 7 20 0 1925 10 0 18
55 48 412 -20 0 1925 10 1 18
56 110 276 5 0 1925 0 0 19
57 69 398 20 0 1925 10 0 19
58 466 123 -25 0 1925 10 1 19
59 499 467 13 0 1925 10 0 20
60 220 229 7 0 1925 10 0 20
61 361 158 30 0 1925 10 0 20
62 135 71 -50 0 1925 10 1 20
63 9 233 31 0 1925 0 0 21
64 320 211 16 0 1925 0 0 21
65 197 202 29 0 1925 10 0 21
66 210 81 -76 0 1925 10 1 21
67 488 3 3 0 1925 10 0 22
68 188 119 44 0 1925 10 0 22
69 92 76 -47 0 1925 10 1 22
70 400 71 17 0 1925 10 0 23
71 13 314 14 0 1925 10 0 23
72 226 175 -31 0 1925 10 1 23
73 254 378 25 0 1925 10 0 24
74 56 258 9 0 1925 10 0 24
75 43 288 -34 0 1925 10 1 24
76 316 245 25 0 1925 10 0 25
77 451 17 20 0 1925 10 0 25
78 490 141 -45 0 1925 10 1 25
79 256 417 12 0 1925 10 0 26
80 260 338 24 0 1925 10 0 26
81 446 305 -36 0 1925 10 1 26
82 100 487 18 0 1925 10 0 27
83 447 108 -18 0 1925 10 1 27
84 151 436 23 0 1925 10 0 28
85 392 370 26 0 1925 10 0 28
86 240 497 20 0 1925 0 0 28
87 444 369 -69 0 1925 10 1 28
88 459 200 2 0 1925 10 0 29
89 461 72 5 0 1925 10 0 29
90 102 28 8 0 1925 10 0 29
91 375 84 -15 0 1925 10 1 29
92 44 179 11 0 1925 10 0 30
93 381 433 -11 0 1925 10 1 30
94 366 334 5 0 1925 10 0 31
95 250 328 24 0 1925 10 0 31
96 65 62 15 0 1925 10 0 31
97 404 140 -44 0 1925 10 1 31
98 441 374 10 0 1925 10 0 32
99 385 239 21 0 1925 10 0 32
100 114 460 14 0 1925 10 0 32
101 91 326 -45 0 1925 10 1 32
102 244 277 18 0 1925 0 0 33
103 248 214 -18 0 1925 10 1 33
104 206 172 29 0 1925 10 0 34
105 87 3 -29 0 1925 10 1 34
106 58 422 7 0 1925 10 0 35
107 245 23 27 0 1925 10 0 35
108 167 279 -34 0 1925 10 1 35
109 72 385 16 0 1925 10 0 36
110 92 193 -16 0 1925 10 1 36
111 447 272 12 0 1925 10 0 37
112 175 239 23 0 1925 10 0 37
113 438 127 -35 0 1925 10 1 37
114 479 387 13 0 1925 10 0 38
115 247 306 33 0 1925 10 0 38
116 40 278 10 0 1925 10 0 38
117 228 260 -56 0 1925 10 1 38
118 372 115 13 0 1925 10 0 39
119 293 174 31 0 1925 10 0 39
120 382 110 -44 0 1925 10 1 39
121 384 149 18 0 1925 0 0 40
122 351 5 12 0 1925 10 0 40
123 485 428 -30 0 1925 10 1 40
124 24 71 11 0 1925 10 0 41
125 235 288 18 0 1925 10 0 41
126 352 241 -29 0 1925 10 1 41
127 502 336 19 0 1925 10 0 42
128 431 509 23 0 1925 10 0 42
129 313 88 12 0 1925 10 0 42
130 267 401 -54 0 1925 10 1 42
131 169 305 21 0 1925 10 0 43
132 246 407 12 0 1925 10 0 43
133 140 108 -33 0 1925 10 1 43
134 125 65 17 0 1925 10 0 44
135 429 476 -17 0 1925 10 1 44
136 210 219 7 0 1925 10 0 45
137 360 284 -7 0 1925 10 1 45
138 289 220 19 0 1925 10 0 46
139 199 203 20 0 1925 10 0 46
140 240 255 -39 0 1925 10 1 46
141 470 127 14 0 1925 10 0 47
142 185 249 23 0 1925 10 0 47
143 104 50 24 0 1925 10 0 47
144 425 128 -61 0 1925 10 1 47
145 202 391 30 0 1925 10 0 48
146 379 486 22 0 1925 10 0 48
147 318 99 -52 0 1925 10 1 48
148 376 344 5 0 1925 10 0 49
149 492 194 14 0 1925 10 0 49
150 163 245 10 0 1925 10 0 49
151 447 29 -29 0 1925 10 1 49
152 103 464 22 0 1925 10 0 50
153 133 273 20 0 1925 10 0 50
154 89 65 16 0 1925 10 0 50
155 112 433 -58 0 1925 10 1 50
156 153 235 10 0 1925 10 0 51
157 181 441 25 0 1925 10 0 51
158 53 204 8 0 1925 10 0 51
159 1 101 -43 0 1925 10 1 51
160 169 236 16 0 1925 10 0 52
161 375 129 30 0 1925 10 0 52
162 26 297 -46 0 1925 10 1 52
163 10 432 8 0 1925 0 0 53
164 316 239 -8 0 1925 10 1 53
165 236 433 15 0 1925 10 0 54
166 135 75 17 0 1925 10 0 54
167 207 212 29 0 1925 0 0 54
168 406 93 -61 0 1925 10 1 54
169 332 459 35 0 1925 10 0 55
170 458 213 -35 0 1925 10 1 55
171 176 199 28 0 1925 10 0 56
172 179 75 13 0 1925 10 0 56
173 84 255 13 0 1925 10 0 56
174 212 47 -54 0 1925 10 1 56
175 425 263 21 0 1925 10 0 57
176 38 477 -21 0 1925 10 1 57
177 385 17 40 0 1925 10 0 58
178 248 386 22 0 1925 10 0 58
179 488 173 -62 0 1925 10 1 58
180 276 231 9 0 1925 10 0 59
181 154 45 26 0 1925 10 0 59
182 40 107 -35 0 1925 10 1 59
183 354 156 20 0 1925 10 0 60
184 325 210 -20 0 1925 10 1 60
185 342 469 35 0 1925 10 0 61
186 216 184 -35 0 1925 10 1 61
187 225 303 13 0 1925 10 0 62
188 98 494 5 0 1925 10 0 62
189 358 358 -18 0 1925 10 1 62
190 62 313 25 0 1925 10 0 63
191 378 462 16 0 1925 10 0 63
192 182 34 -41 0 1925 10 1 63
193 340 291 22 0 1925 10 0 64
194 313 391 -22 0 1925 10 1 64
195 245 42 24 0 1925 10 0 65
196 267 174 34 0 1925 10 0 65
197 120 17 30 0 1925 10 0 65
198 225 269 -88 0 1925 10 1 65
199 208 95 28 0 1925 10 0 66
200 79 424 6 0 1925 10 0 66
201 201 225 17 0 1925 10 0 66
202 282 244 -51 0 1925 10 1 66
