30 200
0 250 250 0 0 1925 0 -1 -1
1 386 395 12 0 1925 10 0 0
2 216 182 29 0 1925 10 0 0
3 335 321 -41 0 1925 10 1 0
4 414 69 13 0 1925 10 0 1
5 433 325 12 0 1925 10 0 1
6 505 365 -25 0 1925 10 1 1
7 90 477 18 0 1925 10 0 2
8 437 98 -18 0 1925 10 1 2
9 48 412 7 0 1925 10 0 3
10 235 13 27 0 1925 10 0 3
11 157 269 -34 0 1925 10 1 3
12 241 39 14 0 1925 10 0 4
13 245 43 -14 0 1925 10 1 4
14 298 449 16 0 1925 10 0 5
15 492 151 -16 0 1925 10 1 5
16 159 226 16 0 1925 10 0 6
17 365 119 30 0 1925 10 0 6
18 16 287 -46 0 1925 10 1 6
19 445 190 37 0 1925 10 0 7
20 316 245 25 0 1925 10 0 7
21 425 217 -62 0 1925 10 1 7
22 15 455 30 0 1925 10 0 8
23 11 111 8 0 1925 10 0 8
24 12 274 40 0 1925 10 0 8
25 144 204 -78 0 1925 10 1 8
26 215 293 13 0 1925 10 0 9
27 88 484 5 0 1925 10 0 9
28 348 348 -18 0 1925 10 1 9
29 404 57 5 0 1925 10 0 10
30 452 163 -5 0 1925 10 1 10
31 44 339 2 0 1925 10 0 11
32 81 22 2 0 1925 10 0 11
33 168 189 37 0 1925 10 0 11
34 278 361 -41 0 1925 10 1 11
35 489 457 13 0 1925 10 0 12
36 210 219 7 0 1925 10 0 12
37 351 148 30 0 1925 10 0 12
38 125 61 -50 0 1925 10 1 12
39 100 266 5 0 1925 0 0 13
40 59 388 20 0 1925 10 0 13
41 456 113 -25 0 1925 10 1 13
42 476 159 16 0 1925 10 0 14
43 149 448 24 0 1925 10 0 14
44 209 213 -40 0 1925 10 1 14
45 441 374 10 0 1925 10 0 15
46 174 67 -10 0 1925 10 1 15
47 154 45 26 0 1925 10 0 16
48 40 165 -26 0 1925 10 1 16
49 198 85 28 0 1925 10 0 17
50 69 414 6 0 1925 10 0 17
51 191 215 17 0 1925 10 0 17
52 272 234 -51 0 1925 10 1 17
53 257 316 33 0 1925 10 0 18
54 342 392 -33 0 1925 10 1 18
55 415 253 21 0 1925 10 0 19
56 28 467 -21 0 1925 10 1 19
57 332 459 35 0 1925 10 0 20
58 206 174 -35 0 1925 10 1 20
59 0 422 8 0 1925 0 0 21
60 306 229 -8 0 1925 10 1 21
61 225 303 13 0 1925 10 0 22
62 362 491 15 0 1925 10 0 22
63 181 313 -28 0 1925 10 1 22
64 48 200 23 0 1925 10 0 23
65 245 298 18 0 1925 10 0 23
66 485 277 7 0 1925 10 0 23
67 295 257 -48 0 1925 10 1 23
68 333 39 7 0 1925 10 0 24
69 376 270 -7 0 1925 10 1 24
70 71 12 2 0 1925 10 0 25
71 104 28 8 0 1925 10 0 25
72 132 32 18 0 1925 10 0 25
73 188 151 -28 0 1925 10 1 25
74 392 1 11 0 1925 10 0 26
75 51 360 -11 0 1925 10 1 26
76 258 396 22 0 1925 10 0 27
77 370 304 -22 0 1925 10 1 27
78 492 326 19 0 1925 10 0 28
79 421 499 23 0 1925 10 0 28
80 303 78 12 0 1925 10 0 28
81 257 391 -54 0 1925 10 1 28
82 347 51 8 0 1925 10 0 29
83 340 381 1 0 1925 10 0 29
84 250 250 -9 0 1925 10 1 29
85 449 190 2 0 1925 10 0 30
86 451 62 5 0 1925 10 0 30
87 92 18 8 0 1925 10 0 30
88 365 74 -15 0 1925 10 1 30
89 52 303 25 0 1925 10 0 31
90 368 452 16 0 1925 10 0 31
91 172 24 -41 0 1925 10 1 31
92 39 368 23 0 1925 10 0 32
93 278 298 26 0 1925 0 0 32
94 75 353 38 0 1925 10 0 32
95 346 503 -87 0 1925 10 1 32
96 62 375 16 0 1925 10 0 33
97 82 183 -16 0 1925 10 1 33
98 19 243 31 0 1925 10 0 34
99 140 257 17 0 1925 10 0 34
100 74 15 -48 0 1925 10 1 34
101 172 316 22 0 1925 10 0 35
102 159 224 7 0 1925 10 0 35
103 74 304 12 0 1925 10 0 35
104 22 368 -41 0 1925 10 1 35
105 244 368 25 0 1925 10 0 36
106 46 248 9 0 1925 10 0 36
107 33 278 -34 0 1925 10 1 36
108 395 27 40 0 1925 10 0 37
109 44 249 16 0 1925 10 0 37
110 97 61 35 0 1925 10 0 37
111 451 187 -91 0 1925 10 1 37
112 141 426 23 0 1925 10 0 38
113 382 360 26 0 1925 10 0 38
114 230 487 20 0 1925 0 0 38
115 434 359 -69 0 1925 10 1 38
116 446 305 11 0 1925 10 0 39
117 299 230 19 0 1925 10 0 39
118 476 106 -30 0 1925 10 1 39
119 178 72 23 0 1925 10 0 40
120 295 247 -23 0 1925 10 1 40
121 340 148 18 0 1925 0 0 41
122 309 363 34 0 1925 10 0 41
123 232 341 10 0 1925 10 0 41
124 347 242 -62 0 1925 10 1 41
125 265 497 19 0 1925 10 0 42
126 233 188 20 0 1925 10 0 42
127 395 249 21 0 1925 10 0 42
128 282 244 -60 0 1925 10 1 42
129 201 225 17 0 1925 10 0 43
130 319 39 11 0 1925 0 0 43
131 410 81 -28 0 1925 10 1 43
132 460 117 14 0 1925 10 0 44
133 175 239 23 0 1925 10 0 44
134 94 40 24 0 1925 10 0 44
135 415 118 -61 0 1925 10 1 44
136 34 169 11 0 1925 10 0 45
137 371 423 -11 0 1925 10 1 45
138 245 23 27 0 1925 10 0 46
139 188 145 -27 0 1925 10 1 46
140 306 235 25 0 1925 10 0 47
141 441 7 20 0 1925 10 0 47
142 480 131 -45 0 1925 10 1 47
143 102 422 23 0 1925 10 0 48
144 92 76 4 0 1925 10 0 48
145 39 153 26 0 1925 10 0 48
146 337 232 -53 0 1925 10 1 48
147 271 369 10 0 1925 10 0 49
148 338 468 -10 0 1925 10 1 49
149 365 184 33 0 1925 10 0 50
150 238 270 12 0 1925 0 0 50
151 451 17 20 0 1925 10 0 50
152 284 271 -65 0 1925 10 1 50
153 417 212 12 0 1925 10 0 51
154 345 431 12 0 1925 10 0 51
155 318 99 -24 0 1925 10 1 51
156 220 229 7 0 1925 10 0 52
157 224 284 -7 0 1925 10 1 52
158 246 407 12 0 1925 10 0 53
159 250 328 24 0 1925 10 0 53
160 436 295 -36 0 1925 10 1 53
161 153 168 12 0 1925 10 0 54
162 351 69 -12 0 1925 10 1 54
163 25 21 15 0 1925 10 0 55
164 236 433 15 0 1925 10 0 55
165 114 38 -30 0 1925 10 1 55
166 226 423 15 0 1925 10 0 56
167 125 65 17 0 1925 10 0 56
168 197 202 29 0 1925 0 0 56
169 396 83 -61 0 1925 10 1 56
170 283 438 3 0 1925 10 0 57
171 94 192 1 0 1925 10 0 57
172 405 349 15 0 1925 10 0 57
173 185 434 -19 0 1925 10 1 57
174 253 50 27 0 1925 10 0 58
175 293 174 31 0 1925 10 0 58
176 282 1 18 0 1925 10 0 58
177 231 29 -76 0 1925 10 1 58
178 266 221 9 0 1925 10 0 59
179 144 35 26 0 1925 10 0 59
180 30 97 -35 0 1925 10 1 59
181 313 88 12 0 1925 10 0 60
182 182 76 -12 0 1925 10 1 60
183 208 95 28 0 1925 10 0 61
184 135 71 -28 0 1925 10 1 61
185 366 334 5 0 1925 10 0 62
186 482 184 14 0 1925 10 0 62
187 153 235 10 0 1925 10 0 62
188 437 19 -29 0 1925 10 1 62
189 45 273 27 0 1925 10 0 63
190 81 292 29 0 1925 10 0 63
191 482 67 -56 0 1925 10 1 63
192 191 451 25 0 1925 10 0 64
193 115 191 19 0 1925 0 0 64
194 186 209 28 0 1925 10 0 64
195 236 185 -72 0 1925 10 1 64
196 392 370 26 0 1925 10 0 65
197 495 438 -26 0 1925 10 1 65
198 297 304 4 0 1925 10 0 66
199 137 377 23 0 1925 10 0 66
200 80 117 24 0 1925 10 0 66
201 286 244 -51 0 1925 10 1 66
