15 200
0 250 250 0 0 1925 0 -1 -1
0 366 334 5 0 1925 10 0 0
1 379 486 22 0 1925 0 0 0
2 318 99 35 0 1925 10 0 0
3 257 391 -62 0 1925 10 1 0
4 292 104 26 0 1925 0 0 1
5 33 152 17 0 1925 10 0 1
6 325 210 15 0 1925 10 0 1
7 228 260 -58 0 1925 10 1 1
8 3 471 13 0 1925 0 0 2
9 339 41 6 0 1925 10 0 2
10 217 357 -19 0 1925 10 1 2
11 293 174 31 0 1925 10 0 3
12 224 56 13 0 1925 10 0 3
13 162 301 -44 0 1925 10 1 3
14 13 314 14 0 1925 10 0 4
15 199 203 -14 0 1925 10 1 4
16 80 117 24 0 1925 10 0 5
17 332 459 35 0 1925 10 0 5
18 404 140 -59 0 1925 10 1 5
19 458 213 22 0 1925 10 0 6
20 134 194 -22 0 1925 10 1 6
21 442 5 16 0 1925 10 0 7
22 330 308 -16 0 1925 10 1 7
23 259 301 25 0 1925 10 0 8
24 59 388 -25 0 1925 10 1 8
25 222 331 10 0 1925 10 0 9
26 144 35 26 0 1925 10 0 9
27 337 41 8 0 1925 10 0 9
28 217 207 -44 0 1925 10 1 9
29 84 255 13 0 1925 10 0 10
30 63 420 19 0 1925 10 0 10
31 223 178 -32 0 1925 10 1 10
32 110 251 23 0 1925 10 0 11
33 120 17 30 0 1925 10 0 11
34 125 65 17 0 1925 10 0 11
35 347 192 -70 0 1925 10 1 11
