15 200
0 250 250 0 0 1925 0 -1 -1
0 93 413 17 0 1925 10 0 0
1 228 287 21 0 1925 10 0 0
2 355 174 33 0 1925 10 0 0
3 199 203 -71 0 1925 10 1 0
4 306 235 25 0 1925 10 0 1
5 190 267 -25 0 1925 10 1 1
6 435 180 37 0 1925 10 0 2
7 359 287 24 0 1925 0 0 2
8 400 71 -61 0 1925 10 1 2
9 382 360 26 0 1925 10 0 3
10 62 94 -26 0 1925 10 1 3
11 198 85 28 0 1925 10 0 4
12 396 417 -28 0 1925 10 1 4
13 441 7 20 0 1925 10 0 5
14 228 260 12 0 1925 0 0 5
15 460 117 14 0 1925 10 0 5
16 270 337 -46 0 1925 10 1 5
17 337 41 8 0 1925 10 0 6
18 323 77 -8 0 1925 10 1 6
19 235 316 2 0 1925 10 0 7
20 139 438 24 0 1925 10 0 7
21 260 472 -26 0 1925 10 1 7
22 235 13 27 0 1925 10 0 8
23 303 78 12 0 1925 10 0 8
24 495 355 -39 0 1925 10 1 8
25 235 288 18 0 1925 10 0 9
26 226 423 15 0 1925 10 0 9
27 417 212 -33 0 1925 10 1 9
28 5 445 30 0 1925 10 0 10
29 15 11 15 0 1925 10 0 10
30 248 214 -45 0 1925 10 1 10
31 87 213 18 0 1925 10 0 11
32 144 35 26 0 1925 10 0 11
33 482 141 -44 0 1925 10 1 11
34 40 304 16 0 1925 10 0 12
35 213 283 -16 0 1925 10 1 12
