15 200
0 250 250 0 0 1925 0 -1 -1
0 210 219 7 0 1925 10 0 0
1 222 331 10 0 1925 10 0 0
2 370 382 -17 0 1925 10 1 0
3 175 239 23 0 1925 10 0 1
4 404 140 -23 0 1925 10 1 1
5 13 394 15 0 1925 10 0 2
6 261 359 10 0 1925 10 0 2
7 368 311 14 0 1925 10 0 2
8 499 316 -39 0 1925 10 1 2
9 44 115 24 0 1925 10 0 3
10 1 101 -24 0 1925 10 1 3
11 65 343 38 0 1925 10 0 4
12 303 186 10 0 1925 0 0 4
13 162 301 -48 0 1925 10 1 4
14 292 104 26 0 1925 10 0 5
15 213 283 -26 0 1925 10 1 5
16 181 441 25 0 1925 10 0 6
17 46 248 -25 0 1925 10 1 6
18 385 17 40 0 1925 10 0 7
19 382 110 -40 0 1925 10 1 7
20 19 38 15 0 1925 10 0 8
21 94 192 -15 0 1925 10 1 8
22 9 233 31 0 1925 0 0 9
23 199 203 20 0 1925 10 0 9
24 226 175 -51 0 1925 10 1 9
25 389 43 21 0 1925 10 0 10
26 394 47 5 0 1925 10 0 10
27 351 5 12 0 1925 10 0 10
28 386 225 -38 0 1925 10 1 10
29 80 458 30 0 1925 10 0 11
30 169 305 21 0 1925 10 0 11
31 0 422 8 0 1925 10 0 11
32 48 412 -59 0 1925 10 1 11
33 293 174 31 0 1925 10 0 12
34 330 308 -31 0 1925 10 1 12
