15 200
0 250 250 0 0 1925 0 -1 -1
0 382 360 26 0 1925 10 0 0
1 447 272 12 0 1925 10 0 0
2 355 174 33 0 1925 10 0 0
3 311 422 -71 0 1925 10 1 0
4 244 277 18 0 1925 0 0 1
5 142 80 12 0 1925 10 0 1
6 337 41 8 0 1925 10 0 1
7 214 274 -38 0 1925 10 1 1
8 306 235 25 0 1925 10 0 2
9 12 358 -25 0 1925 10 1 2
10 441 7 20 0 1925 10 0 3
11 62 94 -20 0 1925 10 1 3
12 154 374 36 0 1925 10 0 4
13 44 344 -36 0 1925 10 1 4
14 235 13 27 0 1925 10 0 5
15 495 355 -27 0 1925 10 1 5
16 303 78 12 0 1925 10 0 6
17 245 176 -12 0 1925 10 1 6
18 59 388 20 0 1925 10 0 7
19 176 199 28 0 1925 10 0 7
20 0 356 13 0 1925 10 0 7
21 103 464 -61 0 1925 10 1 7
22 30 97 23 0 1925 10 0 8
23 272 234 -23 0 1925 10 1 8
24 214 245 8 0 1925 0 0 9
25 5 445 30 0 1925 10 0 9
26 485 428 -38 0 1925 10 1 9
27 191 215 17 0 1925 10 0 10
28 172 66 -17 0 1925 10 1 10
29 235 288 18 0 1925 10 0 11
30 13 394 -18 0 1925 10 1 11
31 210 219 7 0 1925 10 0 12
32 92 259 4 0 1925 10 0 12
33 149 458 13 0 1925 10 0 12
34 336 493 -24 0 1925 10 1 12
