15 200
0 250 250 0 0 1925 0 -1 -1
0 210 219 7 0 1925 10 0 0
1 82 183 -7 0 1925 10 1 0
2 233 230 20 0 1925 10 0 1
3 371 315 18 0 1925 10 0 1
4 48 437 4 0 1925 10 0 1
5 136 430 -42 0 1925 10 1 1
6 415 253 21 0 1925 10 0 2
7 107 374 -21 0 1925 10 1 2
8 94 192 1 0 1925 10 0 3
9 93 413 17 0 1925 10 0 3
10 274 261 20 0 1925 0 0 3
11 247 219 -38 0 1925 10 1 3
12 153 235 10 0 1925 10 0 4
13 125 65 17 0 1925 10 0 4
14 235 33 30 0 1925 10 0 4
15 134 276 -57 0 1925 10 1 4
16 332 459 35 0 1925 10 0 5
17 449 190 2 0 1925 10 0 5
18 407 35 -37 0 1925 10 1 5
19 197 202 29 0 1925 0 0 6
20 366 334 5 0 1925 10 0 6
21 398 210 -34 0 1925 10 1 6
22 89 185 16 0 1925 10 0 7
23 62 375 16 0 1925 10 0 7
24 175 239 23 0 1925 10 0 7
25 26 221 -55 0 1925 10 1 7
26 219 215 32 0 1925 10 0 8
27 374 232 33 0 1925 10 0 8
28 195 111 -65 0 1925 10 1 8
29 440 201 29 0 1925 10 0 9
30 434 359 -29 0 1925 10 1 9
31 92 76 4 0 1925 10 0 10
32 72 477 46 0 1925 10 0 10
33 351 60 -50 0 1925 10 1 10
34 458 213 22 0 1925 10 0 11
35 217 357 -22 0 1925 10 1 11
