30 200
0 250 250 0 0 1925 0 -1 -1
1 350 301 22 0 1925 10 0 0
2 323 401 -22 0 1925 10 1 0
3 163 245 10 0 1925 10 0 1
4 191 451 25 0 1925 10 0 1
5 63 214 8 0 1925 10 0 1
6 11 111 -43 0 1925 10 1 1
7 109 56 27 0 1925 10 0 2
8 39 153 26 0 1925 10 0 2
9 263 153 12 0 1925 10 0 2
10 306 229 -65 0 1925 10 1 2
11 435 180 37 0 1925 10 0 3
12 495 355 -37 0 1925 10 1 3
13 299 353 34 0 1925 10 0 4
14 492 34 5 0 1925 10 0 4
15 214 274 -39 0 1925 10 1 4
16 210 88 31 0 1925 10 0 5
17 333 39 -31 0 1925 10 1 5
18 235 379 38 0 1925 10 0 6
19 172 311 -38 0 1925 10 1 6
20 186 209 28 0 1925 10 0 7
21 189 85 13 0 1925 10 0 7
22 94 265 13 0 1925 10 0 7
23 222 57 -54 0 1925 10 1 7
24 441 7 20 0 1925 10 0 8
25 235 288 18 0 1925 10 0 8
26 392 1 11 0 1925 10 0 8
27 60 5 -49 0 1925 10 1 8
28 394 159 18 0 1925 0 0 9
29 361 15 12 0 1925 10 0 9
30 495 438 -30 0 1925 10 1 9
31 142 80 12 0 1925 10 0 10
32 438 127 -12 0 1925 10 1 10
33 395 27 40 0 1925 10 0 11
34 258 396 22 0 1925 10 0 11
35 498 183 -62 0 1925 10 1 11
36 306 235 25 0 1925 10 0 12
37 253 74 20 0 1925 0 0 12
38 178 135 -45 0 1925 10 1 12
39 212 401 30 0 1925 10 0 13
40 389 496 22 0 1925 10 0 13
41 328 109 -52 0 1925 10 1 13
42 226 423 15 0 1925 10 0 14
43 330 138 18 0 1925 0 0 14
44 337 41 8 0 1925 10 0 14
45 285 247 -41 0 1925 10 1 14
46 394 47 5 0 1925 10 0 15
47 210 219 7 0 1925 10 0 15
48 172 66 -12 0 1925 10 1 15
49 410 81 17 0 1925 10 0 16
50 23 324 14 0 1925 10 0 16
51 236 185 -31 0 1925 10 1 16
52 376 92 10 0 1925 10 0 17
53 153 235 10 0 1925 10 0 17
54 68 303 22 0 1925 10 0 17
55 231 29 -42 0 1925 10 1 17
56 404 57 5 0 1925 10 0 18
57 378 321 14 0 1925 10 0 18
58 340 318 24 0 1925 0 0 18
59 53 370 -43 0 1925 10 1 18
60 174 342 19 0 1925 0 0 19
61 152 90 -19 0 1925 10 1 19
62 66 88 2 0 1925 10 0 20
63 158 179 37 0 1925 10 0 20
64 82 183 -39 0 1925 10 1 20
65 382 360 26 0 1925 10 0 21
66 470 417 11 0 1925 10 0 21
67 448 414 23 0 1925 10 0 21
68 228 260 -60 0 1925 10 1 21
69 451 17 20 0 1925 10 0 22
70 58 422 -20 0 1925 10 1 22
71 457 282 12 0 1925 10 0 23
72 185 249 23 0 1925 10 0 23
73 448 137 -35 0 1925 10 1 23
74 19 243 31 0 1925 0 0 24
75 330 221 16 0 1925 0 0 24
76 207 212 29 0 1925 10 0 24
77 220 91 -76 0 1925 10 1 24
78 329 456 19 0 1925 10 0 25
79 241 180 13 0 1925 0 0 25
80 241 180 -32 0 1925 10 1 25
81 261 359 10 0 1925 10 0 26
82 159 299 12 0 1925 10 0 26
83 103 464 -22 0 1925 10 1 26
84 179 75 13 0 1925 10 0 27
85 143 158 12 0 1925 10 0 27
86 242 106 -25 0 1925 10 1 27
87 498 13 3 0 1925 10 0 28
88 198 129 44 0 1925 10 0 28
89 102 86 -47 0 1925 10 1 28
90 179 315 21 0 1925 10 0 29
91 256 417 12 0 1925 10 0 29
92 150 118 -33 0 1925 10 1 29
93 169 305 21 0 1925 10 0 30
94 401 164 13 0 1925 10 0 30
95 482 141 -34 0 1925 10 1 30
96 254 287 18 0 1925 0 0 31
97 258 224 -18 0 1925 10 1 31
98 235 13 27 0 1925 10 0 32
99 415 207 -27 0 1925 10 1 32
100 288 439 16 0 1925 10 0 33
101 399 175 13 0 1925 10 0 33
102 247 306 33 0 1925 10 0 33
103 274 261 -62 0 1925 10 1 33
104 135 75 17 0 1925 10 0 34
105 439 486 -17 0 1925 10 1 34
106 110 251 23 0 1925 10 0 35
107 244 277 18 0 1925 0 0 35
108 181 185 -41 0 1925 10 1 35
109 63 476 9 0 1925 10 0 36
110 75 353 38 0 1925 10 0 36
111 396 235 -47 0 1925 10 1 36
112 176 199 28 0 1925 10 0 37
113 461 182 -28 0 1925 10 1 37
114 34 81 11 0 1925 10 0 38
115 245 298 18 0 1925 10 0 38
116 362 251 -29 0 1925 10 1 38
117 181 260 23 0 1925 10 0 39
118 181 441 25 0 1925 10 0 39
119 274 403 -48 0 1925 10 1 39
120 149 458 13 0 1925 10 0 40
121 248 214 -13 0 1925 10 1 40
122 113 474 22 0 1925 10 0 41
123 143 283 20 0 1925 10 0 41
124 99 75 16 0 1925 10 0 41
125 122 443 -58 0 1925 10 1 41
126 376 344 5 0 1925 10 0 42
127 260 338 24 0 1925 10 0 42
128 75 72 15 0 1925 10 0 42
129 414 150 -44 0 1925 10 1 42
130 232 341 10 0 1925 10 0 43
131 233 188 -10 0 1925 10 1 43
132 382 125 13 0 1925 10 0 44
133 303 184 31 0 1925 10 0 44
134 392 120 -44 0 1925 10 1 44
135 253 50 27 0 1925 10 0 45
136 0 356 13 0 1925 10 0 45
137 209 212 -40 0 1925 10 1 45
138 191 215 17 0 1925 10 0 46
139 379 486 -17 0 1925 10 1 46
140 396 417 13 0 1925 10 0 47
141 51 286 -13 0 1925 10 1 47
142 162 486 45 0 1925 10 0 48
143 104 202 -45 0 1925 10 1 48
144 195 386 13 0 1925 10 0 49
145 21 70 -13 0 1925 10 1 49
146 451 384 10 0 1925 10 0 50
147 395 249 21 0 1925 10 0 50
148 124 470 14 0 1925 10 0 50
149 101 336 -45 0 1925 10 1 50
150 489 397 13 0 1925 10 0 51
151 257 316 33 0 1925 10 0 51
152 50 288 10 0 1925 10 0 51
153 238 270 -56 0 1925 10 1 51
154 364 166 20 0 1925 10 0 52
155 335 220 -20 0 1925 10 1 52
156 299 230 19 0 1925 10 0 53
157 209 213 20 0 1925 10 0 53
158 250 265 -39 0 1925 10 1 53
159 371 163 21 0 1925 0 0 54
160 303 78 12 0 1925 10 0 54
161 355 174 33 0 1925 10 0 54
162 225 269 -66 0 1925 10 1 54
163 5 445 30 0 1925 10 0 55
164 400 71 17 0 1925 0 0 55
165 396 83 -47 0 1925 10 1 55
166 489 159 29 0 1925 10 0 56
167 323 29 7 0 1925 0 0 56
168 385 58 24 0 1925 10 0 56
169 226 175 -60 0 1925 10 1 56
170 182 324 9 0 1925 10 0 57
171 178 119 10 0 1925 10 0 57
172 56 258 -19 0 1925 10 1 57
173 342 469 35 0 1925 10 0 58
174 468 223 -35 0 1925 10 1 58
175 59 388 20 0 1925 10 0 59
176 409 255 -20 0 1925 10 1 59
177 220 229 7 0 1925 10 0 60
178 370 294 -7 0 1925 10 1 60
179 216 182 29 0 1925 10 0 61
180 97 13 -29 0 1925 10 1 61
181 5 224 19 0 1925 10 0 62
182 33 286 -19 0 1925 10 1 62
183 471 368 19 0 1925 10 0 63
184 490 286 -19 0 1925 10 1 63
185 198 85 28 0 1925 10 0 64
186 98 2 14 0 1925 10 0 64
187 12 358 -42 0 1925 10 1 64
188 255 52 24 0 1925 10 0 65
189 277 184 34 0 1925 10 0 65
190 130 27 30 0 1925 10 0 65
191 235 279 -88 0 1925 10 1 65
192 302 114 26 0 1925 10 0 66
193 234 66 13 0 1925 10 0 66
194 152 24 18 0 1925 0 0 66
195 406 93 -57 0 1925 10 1 66
196 371 423 10 0 1925 0 0 67
197 268 288 -10 0 1925 10 1 67
198 50 383 20 0 1925 10 0 68
199 23 235 43 0 1925 0 0 68
200 34 169 11 0 1925 0 0 68
201 402 277 -74 0 1925 10 1 68
202 144 35 26 0 1925 10 0 69
203 154 374 36 0 1925 10 0 69
204 452 484 26 0 1925 0 0 69
205 485 428 -88 0 1925 10 1 69
