30 200
0 250 250 0 0 1925 0 -1 -1
1 303 78 12 0 1925 10 0 0
2 68 240 11 0 1925 10 0 0
3 23 235 43 0 1925 10 0 0
4 285 247 -66 0 1925 10 1 0
5 436 295 11 0 1925 10 0 1
6 289 220 19 0 1925 10 0 1
7 149 458 -30 0 1925 10 1 1
8 382 360 26 0 1925 10 0 2
9 437 98 16 0 1925 10 0 2
10 399 175 13 0 1925 10 0 2
11 287 256 18 0 1925 10 0 2
12 438 127 2 0 1925 10 0 2
13 466 96 -75 0 1925 10 1 2
14 288 439 16 0 1925 10 0 3
15 21 70 15 0 1925 10 0 3
16 142 360 20 0 1925 0 0 3
17 334 403 26 0 1925 10 0 3
18 248 386 22 0 1925 10 0 3
19 175 352 -99 0 1925 10 1 3
20 488 96 22 0 1925 10 0 4
21 309 29 11 0 1925 0 0 4
22 5 445 30 0 1925 10 0 4
23 214 245 8 0 1925 10 0 4
24 371 163 21 0 1925 0 0 4
25 189 402 10 0 1925 10 0 4
26 228 260 -102 0 1925 10 1 4
27 342 469 35 0 1925 10 0 5
28 364 166 20 0 1925 10 0 5
29 383 428 -55 0 1925 10 1 5
30 277 384 23 0 1925 10 0 6
31 395 249 21 0 1925 10 0 6
32 335 220 15 0 1925 10 0 6
33 178 119 10 0 1925 10 0 6
34 197 83 18 0 1925 10 0 6
35 275 250 9 0 1925 10 0 6
36 70 39 32 0 1925 0 0 6
37 191 195 -128 0 1925 10 1 6
38 226 423 15 0 1925 10 0 7
39 423 170 27 0 1925 10 0 7
40 355 174 33 0 1925 10 0 7
41 251 238 27 0 1925 10 0 7
42 404 59 13 0 1925 10 0 7
43 330 138 18 0 1925 0 0 7
44 195 464 20 0 1925 0 0 7
45 257 391 -153 0 1925 10 1 7
46 291 251 20 0 1925 10 0 8
47 482 104 19 0 1925 10 0 8
48 198 85 28 0 1925 10 0 8
49 323 29 7 0 1925 10 0 8
50 301 239 31 0 1925 10 0 8
51 494 165 19 0 1925 10 0 8
52 318 99 35 0 1925 10 0 8
53 178 135 -159 0 1925 10 1 8
54 293 448 3 0 1925 10 0 9
55 423 503 26 0 1925 10 0 9
56 196 145 24 0 1925 10 0 9
57 58 376 29 0 1925 10 0 9
58 290 255 21 0 1925 10 0 9
59 254 432 14 0 1925 10 0 9
60 321 432 29 0 1925 10 0 9
61 255 186 -146 0 1925 10 1 9
62 191 215 17 0 1925 10 0 10
63 447 184 27 0 1925 10 0 10
64 78 406 15 0 1925 10 0 10
65 158 179 37 0 1925 10 0 10
66 225 269 30 0 1925 0 0 10
67 199 203 -126 0 1925 10 1 10
68 94 265 13 0 1925 10 0 11
69 497 330 21 0 1925 10 0 11
70 404 332 12 0 1925 10 0 11
71 185 249 23 0 1925 10 0 11
72 410 81 17 0 1925 10 0 11
73 236 185 -86 0 1925 10 1 11
74 376 344 5 0 1925 10 0 12
75 66 278 -5 0 1925 10 1 12
76 15 11 15 0 1925 10 0 13
77 210 133 15 0 1925 10 0 13
78 306 235 25 0 1925 10 0 13
79 235 13 27 0 1925 10 0 13
80 228 260 12 0 1925 0 0 13
81 231 29 14 0 1925 10 0 13
82 190 267 -108 0 1925 10 1 13
83 72 385 16 0 1925 10 0 14
84 102 86 4 0 1925 10 0 14
85 299 230 19 0 1925 10 0 14
86 152 370 -39 0 1925 10 1 14
87 22 377 27 0 1925 10 0 15
88 421 406 23 0 1925 10 0 15
89 23 324 14 0 1925 10 0 15
90 468 223 22 0 1925 10 0 15
91 232 341 10 0 1925 10 0 15
92 163 245 10 0 1925 10 0 15
93 399 53 21 0 1925 10 0 15
94 406 93 -127 0 1925 10 1 15
95 402 11 11 0 1925 0 0 16
96 93 179 21 0 1925 10 0 16
97 189 507 1 0 1925 10 0 16
98 266 451 -33 0 1925 10 1 16
99 144 35 26 0 1925 10 0 17
100 323 34 -26 0 1925 10 1 17
101 186 209 28 0 1925 10 0 18
102 373 235 35 0 1925 10 0 18
103 154 45 26 0 1925 10 0 18
104 22 368 -89 0 1925 10 1 18
105 153 168 12 0 1925 10 0 19
106 381 325 -12 0 1925 10 1 19
107 179 75 13 0 1925 10 0 20
108 130 247 17 0 1925 10 0 20
109 344 70 24 0 1925 10 0 20
110 325 210 15 0 1925 10 0 20
111 140 137 32 0 1925 10 0 20
112 226 175 -101 0 1925 10 1 20
113 392 370 26 0 1925 10 0 21
114 258 396 22 0 1925 10 0 21
115 169 309 12 0 1925 10 0 21
116 90 367 1 0 1925 0 0 21
117 36 77 -61 0 1925 10 1 21
118 147 387 23 0 1925 10 0 22
119 56 173 8 0 1925 10 0 22
120 68 49 -31 0 1925 10 1 22
121 447 272 12 0 1925 10 0 23
122 435 180 37 0 1925 10 0 23
123 1 101 8 0 1925 10 0 23
124 162 301 -57 0 1925 10 1 23
125 299 353 34 0 1925 10 0 24
126 385 17 40 0 1925 10 0 24
127 253 74 -74 0 1925 10 1 24
128 34 329 2 0 1925 10 0 25
129 12 358 -2 0 1925 10 1 25
130 479 387 13 0 1925 10 0 26
131 460 328 13 0 1925 10 0 26
132 439 222 22 0 1925 10 0 26
133 385 239 21 0 1925 10 0 26
134 268 288 26 0 1925 0 0 26
135 214 274 -95 0 1925 10 1 26
136 245 298 18 0 1925 10 0 27
137 138 123 22 0 1925 10 0 27
138 25 21 15 0 1925 10 0 27
139 274 190 -55 0 1925 10 1 27
140 470 127 14 0 1925 10 0 28
141 257 316 33 0 1925 10 0 28
142 335 321 22 0 1925 0 0 28
143 172 311 -69 0 1925 10 1 28
144 475 267 7 0 1925 10 0 29
145 415 207 -7 0 1925 10 1 29
146 72 246 29 0 1925 10 0 30
147 112 432 23 0 1925 10 0 30
148 58 422 -52 0 1925 10 1 30
149 26 342 12 0 1925 10 0 31
150 125 61 -12 0 1925 10 1 31
151 354 416 10 0 1925 10 0 32
152 36 301 21 0 1925 10 0 32
153 9 233 31 0 1925 10 0 32
154 40 304 16 0 1925 10 0 32
155 215 282 -78 0 1925 10 1 32
156 181 441 25 0 1925 10 0 33
157 105 181 19 0 1925 0 0 33
158 176 199 28 0 1925 10 0 33
159 470 405 17 0 1925 10 0 33
160 74 215 10 0 1925 10 0 33
161 210 219 7 0 1925 10 0 33
162 420 383 27 0 1925 0 0 33
163 270 337 -133 0 1925 10 1 33
164 43 278 18 0 1925 10 0 34
165 234 66 13 0 1925 10 0 34
166 243 97 18 0 1925 10 0 34
167 43 288 -49 0 1925 10 1 34
168 159 224 7 0 1925 10 0 35
169 425 263 21 0 1925 10 0 35
170 377 107 17 0 1925 10 0 35
171 433 231 9 0 1925 10 0 35
172 241 39 14 0 1925 0 0 35
173 182 76 -68 0 1925 10 1 35
174 451 62 5 0 1925 10 0 36
175 337 41 8 0 1925 10 0 36
176 441 7 20 0 1925 10 0 36
177 172 66 -33 0 1925 10 1 36
178 130 27 30 0 1925 10 0 37
179 333 39 7 0 1925 0 0 37
180 323 401 5 0 1925 10 0 37
181 443 329 -42 0 1925 10 1 37
182 392 19 30 0 1925 10 0 38
183 458 407 33 0 1925 0 0 38
184 243 240 20 0 1925 10 0 38
185 471 196 16 0 1925 10 0 38
186 345 109 25 0 1925 10 0 38
187 324 215 -124 0 1925 10 1 38
188 247 306 33 0 1925 10 0 39
189 332 382 -33 0 1925 10 1 39
190 210 88 31 0 1925 10 0 40
191 349 51 6 0 1925 10 0 40
192 135 75 17 0 1925 10 0 40
193 361 15 12 0 1925 10 0 40
194 269 311 25 0 1925 10 0 40
195 490 146 22 0 1925 10 0 40
196 267 401 -113 0 1925 10 1 40
197 431 396 29 0 1925 10 0 41
198 151 436 23 0 1925 10 0 41
199 236 433 15 0 1925 10 0 41
200 473 263 -67 0 1925 10 1 41
201 484 224 7 0 1925 10 0 42
202 235 288 18 0 1925 10 0 42
203 449 190 -25 0 1925 10 1 42
204 302 114 26 0 1925 0 0 43
205 185 362 -26 0 1925 10 1 43
206 375 129 30 0 1925 10 0 44
207 277 184 -30 0 1925 10 1 44
