15 200
0 250 250 0 0 1925 0 -1 -1
0 405 349 15 0 1925 10 0 0
1 415 253 21 0 1925 10 0 0
2 215 282 21 0 1925 10 0 0
3 33 286 -57 0 1925 10 1 0
4 392 1 11 0 1925 10 0 1
5 209 68 27 0 1925 0 0 1
6 217 207 26 0 1925 10 0 1
7 62 236 29 0 1925 10 0 1
8 94 192 1 0 1925 10 0 1
9 178 135 21 0 1925 10 0 1
10 447 383 -115 0 1925 10 1 1
11 71 12 2 0 1925 10 0 2
12 71 304 19 0 1925 10 0 2
13 195 450 16 0 1925 10 0 2
14 221 269 14 0 1925 10 0 2
15 451 62 5 0 1925 10 0 2
16 393 98 -56 0 1925 10 1 2
17 332 459 35 0 1925 10 0 3
18 94 40 24 0 1925 10 0 3
19 429 476 23 0 1925 10 0 3
20 306 235 25 0 1925 10 0 3
21 313 391 5 0 1925 10 0 3
22 65 62 15 0 1925 10 0 3
23 366 260 -127 0 1925 10 1 3
24 135 400 20 0 1925 10 0 4
25 230 487 20 0 1925 0 0 4
26 87 51 35 0 1925 10 0 4
27 274 403 17 0 1925 10 0 4
28 198 85 28 0 1925 10 0 4
29 100 266 5 0 1925 0 0 4
30 251 238 -125 0 1925 10 1 4
31 125 65 17 0 1925 10 0 5
32 153 235 10 0 1925 10 0 5
33 197 202 29 0 1925 0 0 5
34 366 334 5 0 1925 10 0 5
35 46 389 22 0 1925 10 0 5
36 306 42 11 0 1925 10 0 5
37 175 352 -94 0 1925 10 1 5
