15 200
0 250 250 0 0 1925 0 -1 -1
0 366 334 5 0 1925 10 0 0
1 424 288 13 0 1925 10 0 0
2 340 291 22 0 1925 10 0 0
3 373 418 -40 0 1925 10 1 0
4 318 99 35 0 1925 10 0 1
5 288 70 24 0 1925 10 0 1
6 292 104 26 0 1925 0 0 1
7 233 230 20 0 1925 10 0 1
8 253 74 20 0 1925 10 0 1
9 285 247 -125 0 1925 10 1 1
10 59 276 11 0 1925 0 0 2
11 224 56 13 0 1925 10 0 2
12 154 392 9 0 1925 10 0 2
13 142 80 -33 0 1925 10 1 2
14 339 41 6 0 1925 10 0 3
15 458 213 22 0 1925 10 0 3
16 391 112 24 0 1925 10 0 3
17 257 391 -52 0 1925 10 1 3
18 142 372 18 0 1925 10 0 4
19 439 237 11 0 1925 10 0 4
20 311 203 15 0 1925 10 0 4
21 137 377 23 0 1925 10 0 4
22 390 249 21 0 1925 10 0 4
23 487 446 -88 0 1925 10 1 4
24 441 60 21 0 1925 0 0 5
25 332 459 35 0 1925 10 0 5
26 355 174 -56 0 1925 10 1 5
27 481 84 17 0 1925 10 0 6
28 289 220 19 0 1925 10 0 6
29 92 76 4 0 1925 10 0 6
30 349 43 26 0 1925 10 0 6
31 404 207 6 0 1925 10 0 6
32 200 78 31 0 1925 10 0 6
33 162 301 -103 0 1925 10 1 6
34 221 291 9 0 1925 10 0 7
35 13 314 14 0 1925 10 0 7
36 15 11 15 0 1925 10 0 7
37 222 331 10 0 1925 10 0 7
38 231 167 15 0 1925 10 0 7
39 273 149 14 0 1925 10 0 7
40 376 92 -77 0 1925 10 1 7
