15 200
0 250 250 0 0 1925 0 -1 -1
0 222 331 10 0 1925 10 0 0
1 441 177 23 0 1925 10 0 0
2 415 207 18 0 1925 10 0 0
3 404 140 -51 0 1925 10 1 0
4 210 219 7 0 1925 10 0 1
5 465 367 14 0 1925 10 0 1
6 412 478 7 0 1925 10 0 1
7 181 441 25 0 1925 10 0 1
8 472 57 17 0 1925 10 0 1
9 473 491 23 0 1925 10 0 1
10 381 328 -93 0 1925 10 1 1
11 224 56 13 0 1925 10 0 2
12 385 17 40 0 1925 10 0 2
13 9 233 31 0 1925 0 0 2
14 191 215 17 0 1925 10 0 2
15 98 29 14 0 1925 10 0 2
16 148 208 22 0 1925 10 0 2
17 162 301 -137 0 1925 10 1 2
18 65 343 38 0 1925 10 0 3
19 61 170 20 0 1925 10 0 3
20 13 394 15 0 1925 10 0 3
21 268 288 -73 0 1925 10 1 3
22 261 359 10 0 1925 10 0 4
23 339 144 13 0 1925 10 0 4
24 33 268 18 0 1925 10 0 4
25 217 333 26 0 1925 10 0 4
26 466 96 22 0 1925 10 0 4
27 279 355 9 0 1925 10 0 4
28 87 311 7 0 1925 10 0 4
29 226 175 -105 0 1925 10 1 4
30 394 47 5 0 1925 10 0 5
31 161 416 25 0 1925 10 0 5
32 385 239 21 0 1925 10 0 5
33 293 174 31 0 1925 10 0 5
34 330 308 24 0 1925 0 0 5
35 374 346 27 0 1925 10 0 5
36 260 472 -133 0 1925 10 1 5
