15 200
0 250 250 0 0 1925 0 -1 -1
0 279 355 9 0 1925 10 0 0
1 482 104 19 0 1925 10 0 0
2 337 41 8 0 1925 10 0 0
3 178 135 -36 0 1925 10 1 0
4 139 438 24 0 1925 10 0 1
5 218 271 16 0 1925 10 0 1
6 355 174 33 0 1925 10 0 1
7 228 260 -73 0 1925 10 1 1
8 382 360 26 0 1925 10 0 2
9 154 374 36 0 1925 10 0 2
10 12 358 -62 0 1925 10 1 2
11 29 358 23 0 1925 10 0 3
12 303 78 12 0 1925 10 0 3
13 392 491 10 0 1925 10 0 3
14 284 457 -45 0 1925 10 1 3
15 93 413 17 0 1925 10 0 4
16 125 61 26 0 1925 10 0 4
17 0 356 13 0 1925 10 0 4
18 199 203 20 0 1925 10 0 4
19 39 153 26 0 1925 10 0 4
20 92 259 4 0 1925 10 0 4
21 157 269 -106 0 1925 10 1 4
22 50 383 20 0 1925 10 0 5
23 111 392 18 0 1925 10 0 5
24 66 314 26 0 1925 10 0 5
25 214 274 -64 0 1925 10 1 5
26 149 458 13 0 1925 10 0 6
27 142 80 12 0 1925 10 0 6
28 120 261 5 0 1925 10 0 6
29 306 235 25 0 1925 10 0 6
30 235 13 27 0 1925 10 0 6
31 229 322 -82 0 1925 10 1 6
32 441 7 20 0 1925 10 0 7
33 62 94 -20 0 1925 10 1 7
34 40 304 16 0 1925 10 0 8
35 248 214 -16 0 1925 10 1 8
