15 200
0 250 250 0 0 1925 0 -1 -1
0 111 178 18 0 1925 10 0 0
1 235 13 27 0 1925 10 0 0
2 297 131 25 0 1925 10 0 0
3 199 203 -70 0 1925 10 1 0
4 435 180 37 0 1925 10 0 1
5 228 260 12 0 1925 0 0 1
6 318 497 21 0 1925 10 0 1
7 306 235 25 0 1925 10 0 1
8 489 274 31 0 1925 10 0 1
9 347 192 18 0 1925 10 0 1
10 471 368 19 0 1925 10 0 1
11 226 175 -163 0 1925 10 1 1
12 198 85 28 0 1925 10 0 2
13 203 211 20 0 1925 10 0 2
14 355 174 33 0 1925 10 0 2
15 247 306 33 0 1925 10 0 2
16 214 274 -114 0 1925 10 1 2
17 33 152 17 0 1925 0 0 3
18 303 78 12 0 1925 10 0 3
19 351 148 30 0 1925 0 0 3
20 337 41 8 0 1925 10 0 3
21 289 220 19 0 1925 10 0 3
22 178 150 33 0 1925 10 0 3
23 120 37 28 0 1925 10 0 3
24 209 212 -147 0 1925 10 1 3
25 5 445 30 0 1925 10 0 4
26 235 288 18 0 1925 10 0 4
27 186 135 24 0 1925 10 0 4
28 15 11 15 0 1925 10 0 4
29 214 311 14 0 1925 10 0 4
30 175 422 -101 0 1925 10 1 4
31 154 392 9 0 1925 10 0 5
32 404 59 13 0 1925 10 0 5
33 92 259 4 0 1925 10 0 5
34 231 29 14 0 1925 10 0 5
35 172 66 -40 0 1925 10 1 5
