30 200
0 250 250 0 0 1925 0 -1 -1
1 253 50 27 0 1925 10 0 0
2 439 156 2 0 1925 10 0 0
3 161 275 21 0 1925 10 0 0
4 385 58 24 0 1925 10 0 0
5 178 135 -74 0 1925 10 1 0
6 394 47 5 0 1925 10 0 1
7 268 288 -5 0 1925 10 1 1
8 235 498 28 0 1925 10 0 2
9 340 318 24 0 1925 0 0 2
10 333 44 -52 0 1925 10 1 2
11 227 343 26 0 1925 10 0 3
12 185 249 23 0 1925 10 0 3
13 220 389 12 0 1925 10 0 3
14 171 286 8 0 1925 10 0 3
15 370 304 9 0 1925 10 0 3
16 113 474 22 0 1925 10 0 3
17 278 361 -100 0 1925 10 1 3
18 71 180 20 0 1925 10 0 4
19 112 432 23 0 1925 10 0 4
20 273 163 12 0 1925 10 0 4
21 313 196 -55 0 1925 10 1 4
22 342 469 35 0 1925 10 0 5
23 232 341 10 0 1925 10 0 5
24 207 212 29 0 1925 10 0 5
25 328 290 -74 0 1925 10 1 5
26 130 27 30 0 1925 10 0 6
27 23 475 31 0 1925 10 0 6
28 386 123 8 0 1925 10 0 6
29 201 225 17 0 1925 10 0 6
30 284 452 -86 0 1925 10 1 6
31 306 235 25 0 1925 10 0 7
32 198 85 28 0 1925 10 0 7
33 337 41 8 0 1925 10 0 7
34 355 174 33 0 1925 10 0 7
35 330 138 18 0 1925 0 0 7
36 437 90 12 0 1925 0 0 7
37 225 269 -124 0 1925 10 1 7
38 499 316 18 0 1925 10 0 8
39 436 123 40 0 1925 10 0 8
40 242 106 -58 0 1925 10 1 8
41 349 43 26 0 1925 10 0 9
42 23 235 43 0 1925 0 0 9
43 489 274 31 0 1925 10 0 9
44 360 284 19 0 1925 10 0 9
45 214 274 -119 0 1925 10 1 9
46 5 445 30 0 1925 10 0 10
47 181 441 25 0 1925 10 0 10
48 452 484 26 0 1925 0 0 10
49 137 377 23 0 1925 10 0 10
50 120 261 5 0 1925 10 0 10
51 202 391 30 0 1925 10 0 10
52 498 456 27 0 1925 10 0 10
53 270 337 -166 0 1925 10 1 10
54 74 304 12 0 1925 10 0 11
55 23 324 14 0 1925 10 0 11
56 224 255 8 0 1925 10 0 11
57 381 498 -34 0 1925 10 1 11
58 163 245 10 0 1925 10 0 12
59 191 451 25 0 1925 10 0 12
60 63 214 8 0 1925 10 0 12
61 179 315 21 0 1925 10 0 12
62 136 401 19 0 1925 0 0 12
63 496 334 15 0 1925 10 0 12
64 196 145 24 0 1925 0 0 12
65 332 300 -122 0 1925 10 1 12
66 142 80 12 0 1925 10 0 13
67 489 338 17 0 1925 0 0 13
68 9 101 16 0 1925 10 0 13
69 210 219 7 0 1925 10 0 13
70 485 428 -52 0 1925 10 1 13
71 174 342 19 0 1925 0 0 14
72 283 80 36 0 1925 10 0 14
73 293 448 3 0 1925 10 0 14
74 135 75 17 0 1925 10 0 14
75 275 10 10 0 1925 10 0 14
76 235 131 -85 0 1925 10 1 14
77 158 179 37 0 1925 10 0 15
78 461 182 -37 0 1925 10 1 15
79 154 392 9 0 1925 10 0 16
80 463 253 -9 0 1925 10 1 16
81 441 7 20 0 1925 10 0 17
82 149 458 13 0 1925 10 0 17
83 191 215 17 0 1925 10 0 17
84 392 1 11 0 1925 10 0 17
85 162 301 -61 0 1925 10 1 17
86 457 282 12 0 1925 10 0 18
87 205 283 22 0 1925 10 0 18
88 410 81 17 0 1925 10 0 18
89 451 187 23 0 1925 10 0 18
90 450 294 25 0 1925 10 0 18
91 490 141 5 0 1925 10 0 18
92 490 146 -104 0 1925 10 1 18
93 447 184 27 0 1925 10 0 19
94 468 352 9 0 1925 10 0 19
95 435 180 37 0 1925 10 0 19
96 287 256 18 0 1925 10 0 19
97 420 383 -91 0 1925 10 1 19
98 396 417 13 0 1925 10 0 20
99 51 286 -13 0 1925 10 1 20
100 302 114 26 0 1925 10 0 21
101 353 215 26 0 1925 10 0 21
102 234 66 13 0 1925 10 0 21
103 374 183 30 0 1925 10 0 21
104 361 15 12 0 1925 10 0 21
105 195 444 9 0 1925 10 0 21
106 210 88 31 0 1925 10 0 21
107 323 401 -147 0 1925 10 1 21
108 382 360 26 0 1925 10 0 22
109 318 280 21 0 1925 10 0 22
110 360 488 19 0 1925 10 0 22
111 400 71 17 0 1925 0 0 22
112 375 145 12 0 1925 10 0 22
113 351 128 15 0 1925 10 0 22
114 272 234 -110 0 1925 10 1 22
115 220 229 7 0 1925 10 0 23
116 370 294 -7 0 1925 10 1 23
117 299 230 19 0 1925 10 0 24
118 56 258 -19 0 1925 10 1 24
119 150 147 32 0 1925 10 0 25
120 178 119 10 0 1925 10 0 25
121 113 133 8 0 1925 10 0 25
122 86 472 18 0 1925 10 0 25
123 238 270 -68 0 1925 10 1 25
124 303 78 12 0 1925 10 0 26
125 40 304 16 0 1925 10 0 26
126 381 328 12 0 1925 10 0 26
127 420 224 10 0 1925 10 0 26
128 12 358 -50 0 1925 10 1 26
129 154 374 36 0 1925 10 0 27
130 10 237 19 0 1925 10 0 27
131 84 255 13 0 1925 10 0 27
132 244 277 18 0 1925 0 0 27
133 273 149 14 0 1925 0 0 27
134 289 220 19 0 1925 10 0 27
135 190 267 -119 0 1925 10 1 27
136 68 401 16 0 1925 10 0 28
137 335 321 22 0 1925 10 0 28
138 376 344 5 0 1925 10 0 28
139 290 255 21 0 1925 10 0 28
140 470 338 13 0 1925 0 0 28
141 145 410 20 0 1925 10 0 28
142 93 300 14 0 1925 10 0 28
143 439 486 -111 0 1925 10 1 28
144 288 439 16 0 1925 10 0 29
145 399 175 13 0 1925 10 0 29
146 247 306 33 0 1925 10 0 29
147 247 443 17 0 1925 10 0 29
148 80 400 10 0 1925 10 0 29
149 226 423 15 0 1925 10 0 29
150 394 322 12 0 1925 10 0 29
151 257 391 -116 0 1925 10 1 29
152 206 499 23 0 1925 10 0 30
153 404 57 5 0 1925 10 0 30
154 303 184 31 0 1925 10 0 30
155 236 185 -59 0 1925 10 1 30
156 110 276 5 0 1925 10 0 31
157 245 298 18 0 1925 10 0 31
158 395 249 21 0 1925 10 0 31
159 79 424 6 0 1925 10 0 31
160 94 265 13 0 1925 10 0 31
161 378 321 14 0 1925 10 0 31
162 239 332 -77 0 1925 10 1 31
163 323 29 7 0 1925 0 0 32
164 213 185 21 0 1925 10 0 32
165 110 251 23 0 1925 10 0 32
166 200 78 31 0 1925 10 0 32
167 26 342 12 0 1925 10 0 32
168 71 282 29 0 1925 10 0 32
169 199 203 20 0 1925 10 0 32
170 157 269 -143 0 1925 10 1 32
171 395 27 40 0 1925 10 0 33
172 419 165 19 0 1925 10 0 33
173 19 243 31 0 1925 0 0 33
174 13 33 11 0 1925 10 0 33
175 186 209 28 0 1925 10 0 33
176 349 154 13 0 1925 10 0 33
177 159 224 -142 0 1925 10 1 33
178 176 199 28 0 1925 10 0 34
179 34 329 -28 0 1925 10 1 34
180 29 358 23 0 1925 10 0 35
181 235 288 18 0 1925 10 0 35
182 138 28 23 0 1925 10 0 35
183 329 456 19 0 1925 10 0 35
184 59 388 20 0 1925 10 0 35
185 248 386 22 0 1925 10 0 35
186 172 66 -125 0 1925 10 1 35
187 392 19 30 0 1925 10 0 36
188 409 185 13 0 1925 10 0 36
189 209 213 20 0 1925 10 0 36
190 384 126 9 0 1925 10 0 36
191 386 102 -72 0 1925 10 1 36
192 75 353 38 0 1925 10 0 37
193 362 73 6 0 1925 10 0 37
194 422 488 7 0 1925 10 0 37
195 172 311 -51 0 1925 10 1 37
196 0 356 13 0 1925 10 0 38
197 226 316 21 0 1925 10 0 38
198 139 438 24 0 1925 10 0 38
199 274 261 -58 0 1925 10 1 38
200 299 353 34 0 1925 10 0 39
201 411 379 -34 0 1925 10 1 39
202 144 35 26 0 1925 10 0 40
203 111 392 18 0 1925 10 0 40
204 235 13 27 0 1925 10 0 40
205 103 464 -71 0 1925 10 1 40
