30 200
0 250 250 0 0 1925 0 -1 -1
1 498 106 22 0 1925 10 0 0
2 319 39 11 0 1925 0 0 0
3 15 455 30 0 1925 10 0 0
4 224 255 8 0 1925 10 0 0
5 381 173 21 0 1925 0 0 0
6 199 412 10 0 1925 10 0 0
7 238 270 -102 0 1925 10 1 0
8 392 1 11 0 1925 10 0 1
9 458 213 22 0 1925 10 0 1
10 0 356 13 0 1925 10 0 1
11 235 13 27 0 1925 10 0 1
12 303 78 12 0 1925 10 0 1
13 133 273 -85 0 1925 10 1 1
14 6 196 20 0 1925 0 0 2
15 288 439 16 0 1925 10 0 2
16 284 319 17 0 1925 10 0 2
17 494 165 19 0 1925 10 0 2
18 441 7 20 0 1925 10 0 2
19 450 194 27 0 1925 0 0 2
20 213 185 21 0 1925 10 0 2
21 257 391 -140 0 1925 10 1 2
22 100 266 5 0 1925 0 0 3
23 301 239 31 0 1925 10 0 3
24 456 113 -36 0 1925 10 1 3
25 460 117 14 0 1925 10 0 4
26 92 76 4 0 1925 10 0 4
27 60 5 18 0 1925 10 0 4
28 144 220 -36 0 1925 10 1 4
29 102 422 23 0 1925 10 0 5
30 48 437 4 0 1925 10 0 5
31 397 477 13 0 1925 10 0 5
32 393 98 -40 0 1925 10 1 5
33 345 431 12 0 1925 10 0 6
34 257 57 18 0 1925 10 0 6
35 382 360 26 0 1925 10 0 6
36 91 27 -56 0 1925 10 1 6
37 392 370 26 0 1925 10 0 7
38 447 108 16 0 1925 10 0 7
39 409 185 13 0 1925 10 0 7
40 297 266 18 0 1925 10 0 7
41 448 137 2 0 1925 10 0 7
42 476 106 -75 0 1925 10 1 7
43 298 449 16 0 1925 10 0 8
44 31 80 15 0 1925 10 0 8
45 152 370 20 0 1925 0 0 8
46 344 413 26 0 1925 10 0 8
47 258 396 22 0 1925 10 0 8
48 185 362 -99 0 1925 10 1 8
49 461 72 5 0 1925 10 0 9
50 347 51 8 0 1925 10 0 9
51 451 17 20 0 1925 10 0 9
52 182 76 -33 0 1925 10 1 9
53 71 12 2 0 1925 10 0 10
54 245 42 24 0 1925 10 0 10
55 87 51 35 0 1925 10 0 10
56 460 424 11 0 1925 10 0 10
57 173 65 12 0 1925 10 0 10
58 274 441 12 0 1925 10 0 10
59 135 400 20 0 1925 10 0 10
60 329 456 -116 0 1925 10 1 10
61 313 88 12 0 1925 10 0 11
62 78 250 11 0 1925 10 0 11
63 33 245 43 0 1925 10 0 11
64 295 257 -66 0 1925 10 1 11
65 494 234 7 0 1925 10 0 12
66 245 298 18 0 1925 10 0 12
67 459 200 -25 0 1925 10 1 12
68 55 318 13 0 1925 10 0 13
69 347 192 -13 0 1925 10 1 13
70 309 363 34 0 1925 10 0 14
71 395 27 40 0 1925 10 0 14
72 263 84 -74 0 1925 10 1 14
73 446 305 11 0 1925 10 0 15
74 299 230 19 0 1925 10 0 15
75 159 468 -30 0 1925 10 1 15
76 447 272 12 0 1925 10 0 16
77 168 109 10 0 1925 10 0 16
78 423 221 9 0 1925 10 0 16
79 421 386 29 0 1925 10 0 16
80 364 71 -60 0 1925 10 1 16
81 489 397 13 0 1925 10 0 17
82 470 338 13 0 1925 10 0 17
83 449 232 22 0 1925 10 0 17
84 395 249 21 0 1925 10 0 17
85 278 298 26 0 1925 0 0 17
86 224 284 -95 0 1925 10 1 17
87 457 282 12 0 1925 10 0 18
88 445 190 37 0 1925 10 0 18
89 11 111 8 0 1925 10 0 18
90 172 311 -57 0 1925 10 1 18
91 44 339 2 0 1925 10 0 19
92 22 368 -2 0 1925 10 1 19
93 175 239 23 0 1925 10 0 20
94 61 170 20 0 1925 10 0 20
95 311 203 15 0 1925 10 0 20
96 82 183 -58 0 1925 10 1 20
97 36 352 12 0 1925 10 0 21
98 135 71 -12 0 1925 10 1 21
99 236 433 15 0 1925 10 0 22
100 433 180 27 0 1925 10 0 22
101 365 184 33 0 1925 10 0 22
102 261 248 27 0 1925 10 0 22
103 414 69 13 0 1925 10 0 22
104 340 148 18 0 1925 0 0 22
105 205 474 20 0 1925 0 0 22
106 267 401 -153 0 1925 10 1 22
107 144 35 26 0 1925 10 0 23
108 16 287 -26 0 1925 10 1 23
109 115 395 11 0 1925 10 0 24
110 90 477 18 0 1925 10 0 24
111 10 237 19 0 1925 10 0 24
112 224 56 -48 0 1925 10 1 24
113 364 426 10 0 1925 10 0 25
114 46 311 21 0 1925 10 0 25
115 19 243 31 0 1925 10 0 25
116 50 314 16 0 1925 10 0 25
117 225 292 -78 0 1925 10 1 25
118 301 261 20 0 1925 10 0 26
119 492 114 19 0 1925 10 0 26
120 208 95 28 0 1925 10 0 26
121 333 39 7 0 1925 10 0 26
122 311 249 31 0 1925 10 0 26
123 504 175 19 0 1925 10 0 26
124 328 109 35 0 1925 10 0 26
125 188 145 -159 0 1925 10 1 26
126 189 85 13 0 1925 10 0 27
127 140 257 17 0 1925 10 0 27
128 354 80 24 0 1925 10 0 27
129 335 220 15 0 1925 10 0 27
130 150 147 32 0 1925 10 0 27
131 236 185 -101 0 1925 10 1 27
132 244 368 25 0 1925 10 0 28
133 132 32 18 0 1925 10 0 28
134 449 190 2 0 1925 10 0 28
135 58 391 -45 0 1925 10 1 28
136 415 253 21 0 1925 10 0 29
137 39 153 26 0 1925 10 0 29
138 215 282 21 0 1925 10 0 29
139 306 235 25 0 1925 10 0 29
140 231 410 14 0 1925 0 0 29
141 333 163 32 0 1925 10 0 29
142 157 269 -139 0 1925 10 1 29
143 59 388 20 0 1925 10 0 30
144 94 192 1 0 1925 10 0 30
145 293 174 31 0 1925 10 0 30
146 198 85 28 0 1925 10 0 30
147 133 455 25 0 1925 10 0 30
148 244 277 -105 0 1925 10 1 30
149 153 235 10 0 1925 10 0 31
150 62 375 16 0 1925 10 0 31
151 230 487 20 0 1925 0 0 31
152 141 426 23 0 1925 10 0 31
153 158 24 18 0 1925 10 0 31
154 253 118 -87 0 1925 10 1 31
155 25 21 15 0 1925 10 0 32
156 220 143 15 0 1925 10 0 32
157 316 245 25 0 1925 10 0 32
158 245 23 27 0 1925 10 0 32
159 238 270 12 0 1925 0 0 32
160 241 39 14 0 1925 10 0 32
161 200 277 -108 0 1925 10 1 32
162 0 422 8 0 1925 0 0 33
163 34 169 11 0 1925 10 0 33
164 208 445 22 0 1925 10 0 33
165 217 357 -41 0 1925 10 1 33
166 257 316 33 0 1925 10 0 34
167 342 392 -33 0 1925 10 1 34
168 332 459 35 0 1925 10 0 35
169 206 174 -35 0 1925 10 1 35
170 191 451 25 0 1925 10 0 36
171 115 191 19 0 1925 0 0 36
172 186 209 28 0 1925 10 0 36
173 480 415 17 0 1925 10 0 36
174 84 225 10 0 1925 10 0 36
175 220 229 7 0 1925 10 0 36
176 430 393 27 0 1925 0 0 36
177 280 347 -133 0 1925 10 1 36
178 480 119 7 0 1925 10 0 37
179 480 131 -7 0 1925 10 1 37
180 485 277 7 0 1925 10 0 38
181 425 217 -7 0 1925 10 1 38
182 149 341 6 0 1925 10 0 39
183 283 438 3 0 1925 10 0 39
184 228 287 21 0 1925 10 0 39
185 71 304 19 0 1925 10 0 39
186 404 140 -49 0 1925 10 1 39
187 226 423 15 0 1925 10 0 40
188 125 65 17 0 1925 10 0 40
189 197 202 29 0 1925 0 0 40
190 366 334 5 0 1925 10 0 40
191 66 88 2 0 1925 10 0 40
192 311 422 29 0 1925 10 0 40
193 285 247 13 0 1925 10 0 40
194 396 83 -110 0 1925 10 1 40
195 235 288 18 0 1925 0 0 41
196 80 117 24 0 1925 10 0 41
197 253 50 27 0 1925 10 0 41
198 465 367 14 0 1925 10 0 41
199 246 407 12 0 1925 10 0 41
200 436 295 -95 0 1925 10 1 41
201 201 225 17 0 1925 10 0 42
202 457 194 27 0 1925 10 0 42
203 88 416 15 0 1925 10 0 42
204 168 189 37 0 1925 10 0 42
205 235 279 30 0 1925 0 0 42
206 209 213 -126 0 1925 10 1 42
207 154 45 26 0 1925 10 0 43
208 333 44 -26 0 1925 10 1 43
