30 200
0 250 250 0 0 1925 0 -1 -1
1 421 386 29 0 1925 10 0 0
2 141 426 23 0 1925 10 0 0
3 226 423 15 0 1925 10 0 0
4 463 253 -67 0 1925 10 1 0
5 84 255 13 0 1925 10 0 1
6 487 320 21 0 1925 10 0 1
7 394 322 12 0 1925 10 0 1
8 175 239 23 0 1925 10 0 1
9 400 71 17 0 1925 10 0 1
10 226 175 -86 0 1925 10 1 1
11 186 209 28 0 1925 10 0 2
12 44 339 -28 0 1925 10 1 2
13 460 117 14 0 1925 10 0 3
14 247 306 33 0 1925 10 0 3
15 325 311 22 0 1925 0 0 3
16 162 301 -69 0 1925 10 1 3
17 309 363 34 0 1925 10 0 4
18 421 389 -34 0 1925 10 1 4
19 235 288 18 0 1925 10 0 5
20 128 113 22 0 1925 10 0 5
21 15 11 15 0 1925 10 0 5
22 264 180 -55 0 1925 10 1 5
23 120 17 30 0 1925 10 0 6
24 323 29 7 0 1925 0 0 6
25 313 391 5 0 1925 10 0 6
26 433 319 -42 0 1925 10 1 6
27 382 9 30 0 1925 10 0 7
28 448 397 33 0 1925 0 0 7
29 233 230 20 0 1925 10 0 7
30 461 186 16 0 1925 10 0 7
31 335 99 25 0 1925 10 0 7
32 314 205 -124 0 1925 10 1 7
33 137 377 23 0 1925 10 0 8
34 46 163 8 0 1925 10 0 8
35 58 39 -31 0 1925 10 1 8
36 451 17 20 0 1925 10 0 9
37 159 468 13 0 1925 10 0 9
38 201 225 17 0 1925 10 0 9
39 402 11 11 0 1925 10 0 9
40 172 311 -61 0 1925 10 1 9
41 154 45 26 0 1925 10 0 10
42 121 402 18 0 1925 10 0 10
43 245 23 27 0 1925 10 0 10
44 113 474 -71 0 1925 10 1 10
45 15 455 30 0 1925 10 0 11
46 191 451 25 0 1925 10 0 11
47 462 494 26 0 1925 0 0 11
48 147 387 23 0 1925 10 0 11
49 130 271 5 0 1925 10 0 11
50 212 401 30 0 1925 10 0 11
51 508 466 27 0 1925 10 0 11
52 280 347 -166 0 1925 10 1 11
53 404 57 5 0 1925 10 0 12
54 278 298 -5 0 1925 10 1 12
55 168 189 37 0 1925 10 0 13
56 471 192 -37 0 1925 10 1 13
57 143 158 12 0 1925 10 0 14
58 371 315 -12 0 1925 10 1 14
59 332 459 35 0 1925 10 0 15
60 354 156 20 0 1925 10 0 15
61 373 418 -55 0 1925 10 1 15
62 176 199 28 0 1925 10 0 16
63 363 225 35 0 1925 10 0 16
64 144 35 26 0 1925 10 0 16
65 12 358 -89 0 1925 10 1 16
66 509 326 18 0 1925 10 0 17
67 446 133 40 0 1925 10 0 17
68 252 116 -58 0 1925 10 1 17
69 149 214 7 0 1925 10 0 18
70 415 253 21 0 1925 10 0 18
71 367 97 17 0 1925 10 0 18
72 423 221 9 0 1925 10 0 18
73 231 29 14 0 1925 0 0 18
74 172 66 -68 0 1925 10 1 18
75 200 78 31 0 1925 10 0 19
76 339 41 6 0 1925 10 0 19
77 125 65 17 0 1925 10 0 19
78 351 5 12 0 1925 10 0 19
79 259 301 25 0 1925 10 0 19
80 480 136 22 0 1925 10 0 19
81 257 391 -113 0 1925 10 1 19
82 292 104 26 0 1925 0 0 20
83 175 352 -26 0 1925 10 1 20
84 62 375 16 0 1925 10 0 21
85 92 76 4 0 1925 10 0 21
86 289 220 19 0 1925 10 0 21
87 142 360 -39 0 1925 10 1 21
88 267 374 23 0 1925 10 0 22
89 385 239 21 0 1925 10 0 22
90 325 210 15 0 1925 10 0 22
91 168 109 10 0 1925 10 0 22
92 187 73 18 0 1925 10 0 22
93 265 240 9 0 1925 10 0 22
94 60 29 32 0 1925 0 0 22
95 181 185 -128 0 1925 10 1 22
96 392 370 26 0 1925 10 0 23
97 328 290 21 0 1925 10 0 23
98 370 498 19 0 1925 10 0 23
99 410 81 17 0 1925 0 0 23
100 385 155 12 0 1925 10 0 23
101 361 138 15 0 1925 10 0 23
102 282 244 -110 0 1925 10 1 23
103 359 53 26 0 1925 10 0 24
104 33 245 43 0 1925 0 0 24
105 499 284 31 0 1925 10 0 24
106 370 294 19 0 1925 10 0 24
107 224 284 -119 0 1925 10 1 24
108 316 245 25 0 1925 10 0 25
109 208 95 28 0 1925 10 0 25
110 347 51 8 0 1925 10 0 25
111 365 184 33 0 1925 10 0 25
112 340 148 18 0 1925 0 0 25
113 447 100 12 0 1925 0 0 25
114 235 279 -124 0 1925 10 1 25
115 164 402 9 0 1925 10 0 26
116 473 263 -9 0 1925 10 1 26
117 10 366 13 0 1925 10 0 27
118 236 326 21 0 1925 10 0 27
119 149 448 24 0 1925 10 0 27
120 284 271 -58 0 1925 10 1 27
121 406 427 13 0 1925 10 0 28
122 61 296 -13 0 1925 10 1 28
123 457 194 27 0 1925 10 0 29
124 478 362 9 0 1925 10 0 29
125 445 190 37 0 1925 10 0 29
126 297 266 18 0 1925 10 0 29
127 430 393 -91 0 1925 10 1 29
128 392 1 11 0 1925 0 0 30
129 83 169 21 0 1925 10 0 30
130 179 497 1 0 1925 10 0 30
131 256 441 -33 0 1925 10 1 30
132 382 360 26 0 1925 10 0 31
133 248 386 22 0 1925 10 0 31
134 159 299 12 0 1925 10 0 31
135 80 357 1 0 1925 0 0 31
136 26 67 -61 0 1925 10 1 31
137 12 367 27 0 1925 10 0 32
138 411 396 23 0 1925 10 0 32
139 13 314 14 0 1925 10 0 32
140 458 213 22 0 1925 10 0 32
141 222 331 10 0 1925 10 0 32
142 153 235 10 0 1925 10 0 32
143 389 43 21 0 1925 10 0 32
144 396 83 -127 0 1925 10 1 32
145 39 368 23 0 1925 10 0 33
146 245 298 18 0 1925 10 0 33
147 148 38 23 0 1925 10 0 33
148 339 466 19 0 1925 10 0 33
149 69 398 20 0 1925 10 0 33
150 258 396 22 0 1925 10 0 33
151 182 76 -125 0 1925 10 1 33
152 333 39 7 0 1925 0 0 34
153 223 195 21 0 1925 10 0 34
154 120 261 23 0 1925 10 0 34
155 210 88 31 0 1925 10 0 34
156 36 352 12 0 1925 10 0 34
157 81 292 29 0 1925 10 0 34
158 209 213 20 0 1925 10 0 34
159 167 279 -143 0 1925 10 1 34
160 33 268 18 0 1925 10 0 35
161 224 56 13 0 1925 10 0 35
162 233 87 18 0 1925 10 0 35
163 33 278 -49 0 1925 10 1 35
164 164 384 36 0 1925 10 0 36
165 20 247 19 0 1925 10 0 36
166 94 265 13 0 1925 10 0 36
167 254 287 18 0 1925 0 0 36
168 283 159 14 0 1925 0 0 36
169 299 230 19 0 1925 10 0 36
170 200 277 -119 0 1925 10 1 36
171 298 449 16 0 1925 10 0 37
172 409 185 13 0 1925 10 0 37
173 257 316 33 0 1925 10 0 37
174 257 453 17 0 1925 10 0 37
175 90 410 10 0 1925 10 0 37
176 236 433 15 0 1925 10 0 37
177 404 332 12 0 1925 10 0 37
178 267 401 -116 0 1925 10 1 37
179 263 60 27 0 1925 10 0 38
180 449 166 2 0 1925 10 0 38
181 171 285 21 0 1925 10 0 38
182 395 68 24 0 1925 10 0 38
183 188 145 -74 0 1925 10 1 38
184 365 119 30 0 1925 10 0 39
185 267 174 -30 0 1925 10 1 39
186 366 334 5 0 1925 10 0 40
187 56 268 -5 0 1925 10 1 40
188 313 88 12 0 1925 10 0 41
189 50 314 16 0 1925 10 0 41
190 391 338 12 0 1925 10 0 41
191 430 234 10 0 1925 10 0 41
192 22 368 -50 0 1925 10 1 41
193 283 438 3 0 1925 10 0 42
194 413 493 26 0 1925 10 0 42
195 186 135 24 0 1925 10 0 42
196 48 366 29 0 1925 10 0 42
197 280 245 21 0 1925 10 0 42
198 244 422 14 0 1925 10 0 42
199 311 422 29 0 1925 10 0 42
200 245 176 -146 0 1925 10 1 42
201 152 90 12 0 1925 10 0 43
202 499 348 17 0 1925 0 0 43
203 19 111 16 0 1925 10 0 43
204 220 229 7 0 1925 10 0 43
205 495 438 -52 0 1925 10 1 43
206 62 236 29 0 1925 10 0 44
207 102 422 23 0 1925 10 0 44
208 48 412 -52 0 1925 10 1 44
